0.0	-4.37938	1.19578	-1.06077	O	1.52	TiO2	0
1.0	-0.674423	-0.286111	-3.98558	Ti	1.96	TiO2	0
2.0	-2.33984	0.532876	-3.89671	O	1.52	TiO2	0
3.0	-0.198043	-2.05758	-3.93375	O	1.52	TiO2	0
4.0	-0.681644	-0.301648	-0.581472	Ti	1.96	TiO2	0
5.0	-2.47603	-0.248499	-1.42286	O	1.52	TiO2	0
6.0	-1.38401	1.36173	0.171484	O	1.52	TiO2	0
7.0	-0.411715	-2.12758	-1.25303	O	1.52	TiO2	0
8.0	-2.94731	-2.67301	1.41508	Ti	1.96	TiO2	0
9.0	-0.460764	-1.40136	2.28379	Ti	1.96	TiO2	0
10.0	-1.85557	-1.09224	0.869527	O	1.52	TiO2	0
11.0	-0.672009	0.516441	2.6354	O	1.52	TiO2	0
12.0	0.169397	-2.99867	1.4702	O	1.52	TiO2	0
13.0	-2.01385	-2.35954	2.9599	O	1.52	TiO2	0
14.0	0.973545	0.460331	-4.41838	O	1.52	TiO2	0
15.0	-3.15498	1.2841	-2.40371	Ti	1.96	TiO2	0
16.0	-0.97731	3.21025	-0.56721	Ti	1.96	TiO2	0
17.0	-2.15741	2.85274	-1.9386	O	1.52	TiO2	0
18.0	0.80675	2.25179	-0.526441	O	1.52	TiO2	0
19.0	-3.59875	0.0974437	0.206131	Ti	1.96	TiO2	0
20.0	-1.77487	2.06782	2.29427	Ti	1.96	TiO2	0
21.0	-3.24947	1.14453	1.76303	O	1.52	TiO2	0
22.0	-4.25347	-1.57962	0.7413	O	1.52	TiO2	0
23.0	1.34328	2.07137	2.11466	O	1.52	TiO2	0
24.0	-0.836987	2.53359	3.83722	O	1.52	TiO2	0
25.0	0.324758	-4.45072	-1.76139	O	1.52	TiO2	0
26.0	2.11019	-1.49432	-2.93207	O	1.52	TiO2	0
27.0	0.829367	-2.85688	-2.53715	Ti	1.96	TiO2	0
28.0	2.52918	-1.39131	0.337713	Ti	1.96	TiO2	0
29.0	1.85081	-2.85865	-0.722994	O	1.52	TiO2	0
30.0	2.52448	0.209241	-0.834774	O	1.52	TiO2	0
31.0	-0.154082	-3.70445	-0.204282	Ti	1.96	TiO2	0
32.0	2.84349	-0.744142	3.245	Ti	1.96	TiO2	0
33.0	3.07845	-2.16259	2.08537	O	1.52	TiO2	0
34.0	-1.97264	-3.73944	0.259846	O	1.52	TiO2	0
35.0	3.06471	0.088978	1.50668	O	1.52	TiO2	0
36.0	2.34613	0.736653	4.25083	O	1.52	TiO2	0
37.0	1.95187	0.364368	-2.74512	Ti	1.96	TiO2	0
38.0	1.85462	3.56082	-1.54589	Ti	1.96	TiO2	0
39.0	2.34978	2.16961	-2.68616	O	1.52	TiO2	0
40.0	-0.00982074	0.16622	-2.18642	O	1.52	TiO2	0
41.0	2.23132	1.596	0.584605	Ti	1.96	TiO2	0
42.0	3.05239	3.15269	-0.16347	O	1.52	TiO2	0
43.0	0.716933	-0.649188	0.696631	O	1.52	TiO2	0
44.0	0.684504	1.31123	3.63659	Ti	1.96	TiO2	0
45.0	1.04963	-1.02469	3.3356	O	1.52	TiO2	0
46.0	0.297054	4.45418	-1.42807	O	1.52	TiO2	0
47.0	-1.53603	3.55591	1.2078	O	1.52	TiO2	0
