0.0	-8.80395	-2.31061	-1.83612	O	1.52	TiO2	0
1.0	-8.68822	-3.05236	1.62786	O	1.52	TiO2	0
2.0	-8.73584	1.90571	-0.647746	O	1.52	TiO2	0
3.0	-8.81266	1.5794	2.6524	O	1.52	TiO2	0
4.0	-5.45951	-5.73631	-3.62412	Ti	1.96	TiO2	0
5.0	-6.66841	-2.19381	-4.62602	O	1.52	TiO2	0
6.0	-4.49867	-7.2309	-3.58723	O	1.52	TiO2	0
7.0	-5.95647	-5.07866	-0.6107	Ti	1.96	TiO2	0
8.0	-7.10888	-4.87204	-3.60388	O	1.52	TiO2	0
9.0	-7.2279	-3.85659	-1.02501	O	1.52	TiO2	0
10.0	-5.33723	-6.64673	-1.56759	O	1.52	TiO2	0
11.0	-5.63015	-5.65027	2.21231	Ti	1.96	TiO2	0
12.0	-6.73062	-6.01234	0.756812	O	1.52	TiO2	0
13.0	-6.53433	-1.84986	3.68355	O	1.52	TiO2	0
14.0	-4.32109	-7.00033	2.06762	O	1.52	TiO2	0
15.0	-6.84691	-4.98948	4.95234	Ti	1.96	TiO2	0
16.0	-6.81934	-4.42703	3.11534	O	1.52	TiO2	0
17.0	-5.89885	-6.47336	4.05333	O	1.52	TiO2	0
18.0	-6.03002	-1.20431	-6.49375	Ti	1.96	TiO2	0
19.0	-7.46493	-0.152263	-6.22761	O	1.52	TiO2	0
20.0	-2.35247	-1.34984	-8.14285	O	1.52	TiO2	0
21.0	-5.57222	-0.986244	-3.67223	Ti	1.96	TiO2	0
22.0	-4.6275	-2.4407	-6.61514	O	1.52	TiO2	0
23.0	-6.83572	0.496913	-3.66073	O	1.52	TiO2	0
24.0	-4.09488	-2.29764	-3.82784	O	1.52	TiO2	0
25.0	-7.54335	-3.12613	-2.94209	Ti	1.96	TiO2	0
26.0	-5.51885	-0.915973	-0.671122	Ti	1.96	TiO2	0
27.0	-6.44597	-1.75111	-2.19298	O	1.52	TiO2	0
28.0	-6.82664	0.453551	-0.833863	O	1.52	TiO2	0
29.0	-4.31788	-2.48701	-0.780782	O	1.52	TiO2	0
30.0	-8.2843	-2.35223	-0.0139013	Ti	1.96	TiO2	0
31.0	-5.48913	-1.07696	2.30165	Ti	1.96	TiO2	0
32.0	-6.46137	-1.7868	0.837134	O	1.52	TiO2	0
33.0	-6.68109	0.440709	2.37977	O	1.52	TiO2	0
34.0	-4.14603	-2.38721	2.29271	O	1.52	TiO2	0
35.0	-8.14252	-2.7527	3.38898	Ti	1.96	TiO2	0
36.0	-5.53078	-1.25399	5.40984	Ti	1.96	TiO2	0
37.0	-8.7579	-0.952099	3.77725	O	1.52	TiO2	0
38.0	-6.73886	0.125029	5.35337	O	1.52	TiO2	0
39.0	-4.62857	-2.94048	5.22975	O	1.52	TiO2	0
40.0	-8.21751	-3.73689	4.89103	O	1.52	TiO2	0
41.0	-3.62872	-3.20193	7.79897	O	1.52	TiO2	0
42.0	-5.92603	3.11779	-6.89795	Ti	1.96	TiO2	0
43.0	-4.34845	1.98487	-6.83484	O	1.52	TiO2	0
44.0	-7.93007	1.47725	-5.38429	Ti	1.96	TiO2	0
45.0	-5.53725	3.54823	-3.55928	Ti	1.96	TiO2	0
46.0	-7.73319	2.50735	-6.98097	O	1.52	TiO2	0
47.0	-6.40234	2.74812	-5.03534	O	1.52	TiO2	0
48.0	-4.28466	2.10426	-3.68308	O	1.52	TiO2	0
49.0	-7.86785	1.39307	-2.25131	Ti	1.96	TiO2	0
50.0	-5.72745	3.41649	-0.503904	Ti	1.96	TiO2	0
51.0	-6.54659	2.80237	-2.1584	O	1.52	TiO2	0
52.0	-8.85208	1.83067	-3.78668	O	1.52	TiO2	0
53.0	-6.52267	5.21782	-0.299546	O	1.52	TiO2	0
54.0	-4.23302	2.10058	-0.658098	O	1.52	TiO2	0
55.0	-8.1332	1.15457	0.912954	Ti	1.96	TiO2	0
56.0	-5.77724	3.03732	2.55244	Ti	1.96	TiO2	0
57.0	-6.562	2.47157	0.877147	O	1.52	TiO2	0
58.0	-8.74706	-0.555389	0.401349	O	1.52	TiO2	0
59.0	-6.73854	4.66579	2.37082	O	1.52	TiO2	0
60.0	-4.16101	1.94771	2.37939	O	1.52	TiO2	0
61.0	-7.74086	0.700035	3.92089	Ti	1.96	TiO2	0
62.0	-5.35826	3.02771	5.64412	Ti	1.96	TiO2	0
63.0	-6.6271	2.41116	4.31202	O	1.52	TiO2	0
64.0	-3.99259	1.84086	5.24689	O	1.52	TiO2	0
65.0	-4.88356	4.65465	6.51635	O	1.52	TiO2	0
66.0	-4.57536	2.44938	7.46792	O	1.52	TiO2	0
67.0	-4.80393	4.79755	-4.75406	O	1.52	TiO2	0
68.0	-4.00784	8.05399	0.588186	Ti	1.96	TiO2	0
69.0	-4.02395	6.51744	-0.448802	O	1.52	TiO2	0
70.0	-6.36582	6.07651	1.39871	Ti	1.96	TiO2	0
71.0	-5.80243	7.77981	0.887267	O	1.52	TiO2	0
72.0	-4.60905	6.16045	2.26244	O	1.52	TiO2	0
73.0	-2.64841	5.74638	7.58977	O	1.52	TiO2	0
74.0	-3.21327	-8.37337	-0.289737	O	1.52	TiO2	0
75.0	-2.93931	-8.45017	3.40895	O	1.52	TiO2	0
76.0	-1.32464	-5.65605	-6.55521	Ti	1.96	TiO2	0
77.0	-2.54919	-4.15472	-6.8642	O	1.52	TiO2	0
78.0	0.322	-6.69689	-6.79944	O	1.52	TiO2	0
79.0	-1.22247	-5.58883	-3.67643	Ti	1.96	TiO2	0
80.0	-1.98257	-6.53923	-5.10757	O	1.52	TiO2	0
81.0	-2.46029	-4.1713	-3.77759	O	1.52	TiO2	0
82.0	0.246002	-6.75782	-3.86252	O	1.52	TiO2	0
83.0	-3.71814	-7.65029	-1.878	Ti	1.96	TiO2	0
84.0	-1.25271	-5.57971	-0.667614	Ti	1.96	TiO2	0
85.0	-2.25941	-6.49161	-2.1606	O	1.52	TiO2	0
86.0	-2.60793	-4.26828	-0.810595	O	1.52	TiO2	0
87.0	0.173509	-6.87789	-0.982208	O	1.52	TiO2	0
88.0	-2.6831	-8.13112	1.49113	Ti	1.96	TiO2	0
89.0	-0.97977	-5.23587	2.37631	Ti	1.96	TiO2	0
90.0	-1.9359	-6.32093	1.01888	O	1.52	TiO2	0
91.0	-2.09256	-3.70986	2.24538	O	1.52	TiO2	0
92.0	0.308071	-6.62471	2.38656	O	1.52	TiO2	0
93.0	-3.84305	-6.83934	3.95152	Ti	1.96	TiO2	0
94.0	-1.29739	-5.43571	5.6319	Ti	1.96	TiO2	0
95.0	-1.99428	-6.08025	3.80393	O	1.52	TiO2	0
96.0	-2.47304	-3.91418	5.40725	O	1.52	TiO2	0
97.0	-0.139689	-6.89007	5.35511	O	1.52	TiO2	0
98.0	-3.73946	-6.21487	5.75111	O	1.52	TiO2	0
99.0	-2.29844	-5.19551	7.36516	O	1.52	TiO2	0
100.0	0.882439	-2.02479	-9.24549	Ti	1.96	TiO2	0
101.0	-1.83102	-3.21199	-8.37329	Ti	1.96	TiO2	0
102.0	-1.06826	-0.809096	-6.85743	Ti	1.96	TiO2	0
103.0	-0.831849	-2.56658	-9.78096	O	1.52	TiO2	0
104.0	-2.48109	0.373643	-6.41481	O	1.52	TiO2	0
105.0	1.61715	-4.3297	-6.85512	O	1.52	TiO2	0
106.0	-3.54899	-3.34637	-5.34744	Ti	1.96	TiO2	0
107.0	-1.1483	-1.02642	-3.86449	Ti	1.96	TiO2	0
108.0	-2.00503	-1.96889	-5.41191	O	1.52	TiO2	0
109.0	-4.70738	-4.70439	-4.97097	O	1.52	TiO2	0
110.0	-2.40905	0.366749	-3.81025	O	1.52	TiO2	0
111.0	0.275367	-2.35677	-3.80034	O	1.52	TiO2	0
112.0	-3.36298	-3.21368	-2.34228	Ti	1.96	TiO2	0
113.0	-1.09668	-1.03112	-0.853078	Ti	1.96	TiO2	0
114.0	-1.93155	-1.88361	-2.35876	O	1.52	TiO2	0
115.0	-4.85707	-4.43451	-2.33362	O	1.52	TiO2	0
116.0	-2.3723	0.471878	-0.724984	O	1.52	TiO2	0
117.0	0.345248	-2.37703	-0.763834	O	1.52	TiO2	0
118.0	-3.32926	-3.23761	0.757887	Ti	1.96	TiO2	0
119.0	-1.0356	-1.04629	2.27605	Ti	1.96	TiO2	0
120.0	-2.02623	-1.79919	0.640153	O	1.52	TiO2	0
121.0	-4.7422	-4.57018	0.773939	O	1.52	TiO2	0
122.0	-2.24073	0.427401	2.28758	O	1.52	TiO2	0
123.0	0.402279	-2.31329	2.16306	O	1.52	TiO2	0
124.0	-3.25813	-3.22118	3.83774	Ti	1.96	TiO2	0
125.0	-0.857229	-0.963519	5.43733	Ti	1.96	TiO2	0
126.0	-2.00221	-1.61805	3.93368	O	1.52	TiO2	0
127.0	-4.21234	-4.85567	3.43158	O	1.52	TiO2	0
128.0	-2.12527	0.322155	5.62023	O	1.52	TiO2	0
129.0	0.618795	-2.20276	5.16683	O	1.52	TiO2	0
130.0	-4.12935	-4.55932	6.5993	Ti	1.96	TiO2	0
131.0	-1.77247	-3.44138	7.94256	Ti	1.96	TiO2	0
132.0	-1.3126	-1.78652	7.10067	O	1.52	TiO2	0
133.0	-5.9244	-4.79616	6.52883	O	1.52	TiO2	0
134.0	-1.6832	0.671186	8.35935	O	1.52	TiO2	0
135.0	1.1926	-0.269571	9.2899	O	1.52	TiO2	0
136.0	0.133416	-0.189287	-8.49314	O	1.52	TiO2	0
137.0	-3.56906	0.386768	-8.0068	Ti	1.96	TiO2	0
138.0	-1.60712	2.92765	-7.14217	Ti	1.96	TiO2	0
139.0	-2.32051	1.72948	-8.49927	O	1.52	TiO2	0
140.0	-5.2874	-0.24784	-8.04091	O	1.52	TiO2	0
141.0	-2.12521	4.76448	-6.91137	O	1.52	TiO2	0
142.0	-0.107971	1.72888	-6.68504	O	1.52	TiO2	0
143.0	-3.51275	1.23488	-5.16094	Ti	1.96	TiO2	0
144.0	-1.15614	3.47618	-3.75859	Ti	1.96	TiO2	0
145.0	-2.27815	2.68104	-5.28809	O	1.52	TiO2	0
146.0	-4.8645	-0.141997	-5.33532	O	1.52	TiO2	0
147.0	-2.2287	4.98929	-3.62307	O	1.52	TiO2	0
148.0	0.109944	2.06543	-3.72957	O	1.52	TiO2	0
149.0	-3.27955	1.25546	-2.21381	Ti	1.96	TiO2	0
150.0	-1.03186	3.35974	-0.789373	Ti	1.96	TiO2	0
151.0	-2.10381	2.65659	-2.24614	O	1.52	TiO2	0
152.0	-4.54165	-0.144938	-2.2439	O	1.52	TiO2	0
153.0	-2.39108	4.7432	-0.540713	O	1.52	TiO2	0
154.0	0.216791	2.02209	-0.841354	O	1.52	TiO2	0
155.0	-3.30462	1.24199	0.768573	Ti	1.96	TiO2	0
156.0	-1.01207	3.40584	2.34283	Ti	1.96	TiO2	0
157.0	-1.96135	2.70055	0.770655	O	1.52	TiO2	0
158.0	-4.51405	-0.233751	0.809983	O	1.52	TiO2	0
159.0	-2.42126	4.84153	2.52737	O	1.52	TiO2	0
160.0	0.301834	2.01555	2.13094	O	1.52	TiO2	0
161.0	-3.10549	0.944958	3.85323	Ti	1.96	TiO2	0
162.0	-1.01053	3.32255	5.32079	Ti	1.96	TiO2	0
163.0	-1.78139	2.41689	3.85973	O	1.52	TiO2	0
164.0	-4.51026	-0.407594	3.91032	O	1.52	TiO2	0
165.0	-0.124972	4.65281	6.34869	O	1.52	TiO2	0
166.0	0.68655	2.2383	5.23497	O	1.52	TiO2	0
167.0	-3.34028	0.946293	7.05563	Ti	1.96	TiO2	0
168.0	-1.16168	2.54574	8.75937	Ti	1.96	TiO2	0
169.0	-2.08214	2.80638	6.85907	O	1.52	TiO2	0
170.0	-4.6131	-0.385739	6.72888	O	1.52	TiO2	0
171.0	-2.79367	3.30898	9.29918	O	1.52	TiO2	0
172.0	0.474054	2.2309	7.8866	O	1.52	TiO2	0
173.0	-0.4415	6.66731	-5.68136	O	1.52	TiO2	0
174.0	-3.68407	5.46433	-6.15337	Ti	1.96	TiO2	0
175.0	-1.42609	6.82229	-4.11782	Ti	1.96	TiO2	0
176.0	-2.99497	6.84732	-5.18647	O	1.52	TiO2	0
177.0	-4.99825	4.63902	-7.21677	O	1.52	TiO2	0
178.0	0.322229	6.98295	-3.23421	O	1.52	TiO2	0
179.0	-3.24078	5.6185	-1.98867	Ti	1.96	TiO2	0
180.0	-0.925356	8.2508	-0.521614	Ti	1.96	TiO2	0
181.0	-2.09403	7.09358	-2.34605	O	1.52	TiO2	0
182.0	-4.65694	4.37223	-2.08303	O	1.52	TiO2	0
183.0	-2.68109	9.02099	-0.278024	O	1.52	TiO2	0
184.0	0.233753	6.57213	-0.579665	O	1.52	TiO2	0
185.0	-3.32686	5.3172	0.994335	Ti	1.96	TiO2	0
186.0	-1.14812	7.45087	2.77188	Ti	1.96	TiO2	0
187.0	-2.4235	7.08379	1.25104	O	1.52	TiO2	0
188.0	-4.73656	4.06092	0.981584	O	1.52	TiO2	0
189.0	0.279271	6.24847	2.40524	O	1.52	TiO2	0
190.0	-3.61374	5.44683	3.9358	Ti	1.96	TiO2	0
191.0	-1.36882	6.28302	6.31824	Ti	1.96	TiO2	0
192.0	-2.80059	7.17268	3.8803	O	1.52	TiO2	0
193.0	-4.72325	3.98982	4.0145	O	1.52	TiO2	0
194.0	-0.0519591	6.75331	7.54809	O	1.52	TiO2	0
195.0	-3.67436	4.17537	7.86313	Ti	1.96	TiO2	0
196.0	-2.34735	4.88354	5.18353	O	1.52	TiO2	0
197.0	1.46776	-8.80323	-0.723625	O	1.52	TiO2	0
198.0	1.52876	-8.72793	2.69294	O	1.52	TiO2	0
199.0	3.68674	-6.7969	-6.92049	Ti	1.96	TiO2	0
200.0	2.82618	-6.13261	-8.44015	O	1.52	TiO2	0
201.0	1.29562	-7.69454	-5.38322	Ti	1.96	TiO2	0
202.0	3.36729	-5.53503	-3.59525	Ti	1.96	TiO2	0
203.0	2.55023	-8.22138	-6.71394	O	1.52	TiO2	0
204.0	1.96451	-4.23272	-3.8781	O	1.52	TiO2	0
205.0	2.85938	-6.45002	-5.15637	O	1.52	TiO2	0
206.0	1.18922	-7.85288	-2.24614	Ti	1.96	TiO2	0
207.0	3.29327	-5.86298	-0.547015	Ti	1.96	TiO2	0
208.0	2.62083	-6.65774	-2.3274	O	1.52	TiO2	0
209.0	1.59977	-8.72589	-3.86229	O	1.52	TiO2	0
210.0	1.96778	-4.41484	-0.847411	O	1.52	TiO2	0
211.0	4.84494	-6.85524	-0.346738	O	1.52	TiO2	0
212.0	0.913291	-8.03795	0.947462	Ti	1.96	TiO2	0
213.0	3.2432	-5.83391	2.48136	Ti	1.96	TiO2	0
214.0	2.40136	-6.67098	0.936826	O	1.52	TiO2	0
215.0	-0.936429	-8.64343	1.36378	O	1.52	TiO2	0
216.0	2.02928	-4.34537	2.26634	O	1.52	TiO2	0
217.0	4.73589	-6.91875	2.28179	O	1.52	TiO2	0
218.0	0.899583	-7.53801	3.95793	Ti	1.96	TiO2	0
219.0	3.39768	-5.37441	5.60907	Ti	1.96	TiO2	0
220.0	2.55027	-6.55266	4.17557	O	1.52	TiO2	0
221.0	2.30965	-4.00545	5.08176	O	1.52	TiO2	0
222.0	2.33394	-5.10448	7.10392	O	1.52	TiO2	0
223.0	1.15897	-2.37714	8.16035	O	1.52	TiO2	0
224.0	1.09544	-5.30687	-8.33209	Ti	1.96	TiO2	0
225.0	3.29969	-1.10584	-6.88622	Ti	1.96	TiO2	0
226.0	1.33541	-3.80876	-9.45273	O	1.52	TiO2	0
227.0	-0.829902	-5.05384	-8.24513	O	1.52	TiO2	0
228.0	1.9825	0.483142	-6.75527	O	1.52	TiO2	0
229.0	4.66021	-2.40027	-6.73806	O	1.52	TiO2	0
230.0	1.00582	-3.30522	-5.39443	Ti	1.96	TiO2	0
231.0	3.28073	-1.11992	-3.88482	Ti	1.96	TiO2	0
232.0	2.41085	-1.92231	-5.40783	O	1.52	TiO2	0
233.0	-0.415105	-4.51708	-5.27389	O	1.52	TiO2	0
234.0	2.01198	0.302618	-3.79444	O	1.52	TiO2	0
235.0	4.79782	-2.34169	-3.80357	O	1.52	TiO2	0
236.0	1.10239	-3.35761	-2.2415	Ti	1.96	TiO2	0
237.0	3.30258	-1.0918	-0.951352	Ti	1.96	TiO2	0
238.0	2.52403	-2.0896	-2.35576	O	1.52	TiO2	0
239.0	-0.399515	-4.56268	-2.26871	O	1.52	TiO2	0
240.0	1.96649	0.220029	-0.877629	O	1.52	TiO2	0
241.0	4.74527	-2.49879	-0.961166	O	1.52	TiO2	0
242.0	1.23756	-3.37191	0.758008	Ti	1.96	TiO2	0
243.0	3.52594	-0.967372	2.12012	Ti	1.96	TiO2	0
244.0	2.69346	-2.07591	0.61725	O	1.52	TiO2	0
245.0	-0.229354	-4.50779	0.642372	O	1.52	TiO2	0
246.0	2.22172	0.359205	2.09045	O	1.52	TiO2	0
247.0	4.85019	-2.36234	2.17595	O	1.52	TiO2	0
248.0	1.23026	-3.21987	3.73161	Ti	1.96	TiO2	0
249.0	3.60701	-1.10081	5.03715	Ti	1.96	TiO2	0
250.0	2.65928	-1.88472	3.48287	O	1.52	TiO2	0
251.0	-0.133239	-4.49506	3.97567	O	1.52	TiO2	0
252.0	2.47596	0.471376	5.1153	O	1.52	TiO2	0
253.0	5.09359	-2.4636	4.90351	O	1.52	TiO2	0
254.0	1.3646	-3.46998	6.73606	Ti	1.96	TiO2	0
255.0	2.6459	-1.26148	8.47303	Ti	1.96	TiO2	0
256.0	2.96861	-2.08503	6.56195	O	1.52	TiO2	0
257.0	-0.291345	-4.18116	6.66629	O	1.52	TiO2	0
258.0	3.05702	0.50779	7.63487	O	1.52	TiO2	0
259.0	4.30516	-2.038	8.52855	O	1.52	TiO2	0
260.0	1.06963	1.51361	-8.18752	Ti	1.96	TiO2	0
261.0	3.22386	3.46345	-6.77706	Ti	1.96	TiO2	0
262.0	2.47562	2.68514	-8.24515	O	1.52	TiO2	0
263.0	-0.0966144	-2.40949	-7.32439	O	1.52	TiO2	0
264.0	2.04291	5.19588	-6.47021	O	1.52	TiO2	0
265.0	4.66278	2.31854	-6.62923	O	1.52	TiO2	0
266.0	1.10063	1.17059	-5.19717	Ti	1.96	TiO2	0
267.0	3.27859	3.44789	-3.79114	Ti	1.96	TiO2	0
268.0	2.29794	2.63301	-5.24428	O	1.52	TiO2	0
269.0	-0.12117	-0.292755	-5.28933	O	1.52	TiO2	0
270.0	2.26058	5.09959	-3.62433	O	1.52	TiO2	0
271.0	4.573	1.98545	-3.83751	O	1.52	TiO2	0
272.0	0.987365	1.12718	-2.33159	Ti	1.96	TiO2	0
273.0	3.38425	3.34662	-0.831782	Ti	1.96	TiO2	0
274.0	2.32579	2.66514	-2.31367	O	1.52	TiO2	0
275.0	-0.313505	-0.206208	-2.33411	O	1.52	TiO2	0
276.0	2.12543	4.80047	-0.75865	O	1.52	TiO2	0
277.0	4.73298	1.87873	-0.804751	O	1.52	TiO2	0
278.0	1.16777	1.18424	0.669091	Ti	1.96	TiO2	0
279.0	3.65744	3.44813	2.04417	Ti	1.96	TiO2	0
280.0	2.49209	2.61278	0.728147	O	1.52	TiO2	0
281.0	-0.210883	-0.078634	0.718667	O	1.52	TiO2	0
282.0	2.65563	5.15724	2.11878	O	1.52	TiO2	0
283.0	4.95965	2.07566	1.99348	O	1.52	TiO2	0
284.0	1.31254	1.21421	3.61301	Ti	1.96	TiO2	0
285.0	3.4655	3.47206	4.97286	Ti	1.96	TiO2	0
286.0	2.67873	2.63672	3.47982	O	1.52	TiO2	0
287.0	-0.0387917	-0.105706	3.75057	O	1.52	TiO2	0
288.0	2.27649	4.77032	5.19673	O	1.52	TiO2	0
289.0	4.86248	2.06867	5.0127	O	1.52	TiO2	0
290.0	1.58351	1.29514	6.73568	Ti	1.96	TiO2	0
291.0	4.20368	4.20303	7.63921	Ti	1.96	TiO2	0
292.0	3.12083	2.7424	6.64273	O	1.52	TiO2	0
293.0	0.419351	-0.158538	6.7149	O	1.52	TiO2	0
294.0	2.63325	4.87842	8.23132	O	1.52	TiO2	0
295.0	5.19242	2.64516	7.85794	O	1.52	TiO2	0
296.0	-0.448673	-0.853395	8.52885	Ti	1.96	TiO2	0
297.0	-1.31185	-2.34411	9.46524	O	1.52	TiO2	0
298.0	0.0701256	3.76946	-7.96558	O	1.52	TiO2	0
299.0	0.0924087	5.14091	-6.69138	Ti	1.96	TiO2	0
300.0	1.71057	8.54163	-2.86091	Ti	1.96	TiO2	0
301.0	2.43863	7.90884	-4.45251	O	1.52	TiO2	0
302.0	-0.137773	4.00382	-5.28531	O	1.52	TiO2	0
303.0	4.64973	6.5747	-4.04728	O	1.52	TiO2	0
304.0	1.10231	5.68913	-2.14303	Ti	1.96	TiO2	0
305.0	3.61318	7.78085	-0.663082	Ti	1.96	TiO2	0
306.0	2.43201	7.04424	-1.88866	O	1.52	TiO2	0
307.0	-0.221976	4.3946	-2.26903	O	1.52	TiO2	0
308.0	3.11473	9.22757	-1.67995	O	1.52	TiO2	0
309.0	5.10215	6.74835	-1.29099	O	1.52	TiO2	0
310.0	1.20332	5.67217	0.819088	Ti	1.96	TiO2	0
311.0	3.46375	6.90715	2.46325	Ti	1.96	TiO2	0
312.0	2.37996	7.27787	0.854667	O	1.52	TiO2	0
313.0	-0.0685687	4.28964	0.731497	O	1.52	TiO2	0
314.0	4.71279	7.20047	1.03556	O	1.52	TiO2	0
315.0	1.04078	5.79901	4.16997	Ti	1.96	TiO2	0
316.0	2.30783	7.05956	3.88981	O	1.52	TiO2	0
317.0	0.0359119	4.2366	3.70776	O	1.52	TiO2	0
318.0	4.84907	6.91103	3.65512	O	1.52	TiO2	0
319.0	0.80316	5.1582	7.97491	Ti	1.96	TiO2	0
320.0	-0.366634	4.21642	9.01252	O	1.52	TiO2	0
321.0	0.309589	8.99328	-1.67391	O	1.52	TiO2	0
322.0	-0.433624	8.46227	1.38497	O	1.52	TiO2	0
323.0	-0.485017	6.86231	4.66307	O	1.52	TiO2	0
324.0	4.95441	-4.76707	-4.21624	O	1.52	TiO2	0
325.0	8.05716	-4.25881	0.144947	Ti	1.96	TiO2	0
326.0	6.35328	-4.30026	-0.745842	O	1.52	TiO2	0
327.0	6.02603	-6.48606	1.04276	Ti	1.96	TiO2	0
328.0	7.76996	-6.046	0.48832	O	1.52	TiO2	0
329.0	6.31387	-4.5786	1.85604	O	1.52	TiO2	0
330.0	7.01454	-2.25668	6.59531	O	1.52	TiO2	0
331.0	6.30191	0.116897	-3.87053	O	1.52	TiO2	0
332.0	5.42815	-3.83249	-5.81299	Ti	1.96	TiO2	0
333.0	7.21081	-1.45471	-4.03534	Ti	1.96	TiO2	0
334.0	6.91951	-2.89826	-5.21758	O	1.52	TiO2	0
335.0	5.08249	-5.49697	-6.67968	O	1.52	TiO2	0
336.0	6.64662	0.00853851	-1.08966	O	1.52	TiO2	0
337.0	5.53002	-3.57668	-2.37541	Ti	1.96	TiO2	0
338.0	8.14495	-1.21598	-1.05772	Ti	1.96	TiO2	0
339.0	6.97721	-2.3803	-2.40996	O	1.52	TiO2	0
340.0	4.15282	-4.8392	-2.04842	O	1.52	TiO2	0
341.0	7.10156	2.35427	0.310565	O	1.52	TiO2	0
342.0	8.96839	-2.95848	-0.837655	O	1.52	TiO2	0
343.0	5.40135	-3.28715	0.5741	Ti	1.96	TiO2	0
344.0	7.84673	-1.18194	2.17431	Ti	1.96	TiO2	0
345.0	7.28841	-2.56756	0.919483	O	1.52	TiO2	0
346.0	4.13786	-4.81479	0.82709	O	1.52	TiO2	0
347.0	6.53815	0.132997	2.13834	O	1.52	TiO2	0
348.0	5.62819	-3.58759	3.47953	Ti	1.96	TiO2	0
349.0	7.537	-1.40116	5.1164	Ti	1.96	TiO2	0
350.0	7.22231	-2.56074	3.63346	O	1.52	TiO2	0
351.0	4.33952	-4.87469	3.77478	O	1.52	TiO2	0
352.0	6.74027	0.189654	4.90721	O	1.52	TiO2	0
353.0	5.13947	-2.54132	6.95508	Ti	1.96	TiO2	0
354.0	4.70225	-4.33801	6.49269	O	1.52	TiO2	0
355.0	2.45707	-1.32633	-8.58359	O	1.52	TiO2	0
356.0	5.51301	1.31912	-5.33706	Ti	1.96	TiO2	0
357.0	7.92471	3.1851	-3.79494	Ti	1.96	TiO2	0
358.0	7.20504	2.15999	-5.17368	O	1.52	TiO2	0
359.0	4.24898	-0.158934	-5.45589	O	1.52	TiO2	0
360.0	6.85067	4.68654	-3.6458	O	1.52	TiO2	0
361.0	5.59072	1.09643	-2.34402	Ti	1.96	TiO2	0
362.0	8.09522	3.49644	-0.754851	Ti	1.96	TiO2	0
363.0	7.0107	2.39504	-2.33739	O	1.52	TiO2	0
364.0	4.17791	-0.15522	-2.43108	O	1.52	TiO2	0
365.0	6.72797	4.91517	-1.00984	O	1.52	TiO2	0
366.0	9.07036	3.61329	-2.37127	O	1.52	TiO2	0
367.0	5.8319	1.01515	0.568558	Ti	1.96	TiO2	0
368.0	7.847	3.95509	2.51398	Ti	1.96	TiO2	0
369.0	8.72498	4.2296	0.924834	O	1.52	TiO2	0
370.0	4.33588	-0.243555	0.482999	O	1.52	TiO2	0
371.0	6.54039	5.23312	1.86627	O	1.52	TiO2	0
372.0	5.80461	1.22412	3.58103	Ti	1.96	TiO2	0
373.0	7.24729	2.39271	3.22418	O	1.52	TiO2	0
374.0	4.44622	-0.124672	3.54494	O	1.52	TiO2	0
375.0	7.47485	4.93201	4.087	O	1.52	TiO2	0
376.0	4.73394	1.24629	6.83378	Ti	1.96	TiO2	0
377.0	4.90992	-0.565503	6.41573	O	1.52	TiO2	0
378.0	3.12366	6.24815	-4.97193	Ti	1.96	TiO2	0
379.0	4.01116	4.44788	-5.25545	O	1.52	TiO2	0
380.0	5.5995	5.58524	-2.68251	Ti	1.96	TiO2	0
381.0	4.31618	4.24323	-2.37725	O	1.52	TiO2	0
382.0	5.71204	5.74889	0.304514	Ti	1.96	TiO2	0
383.0	4.47808	4.2773	0.468613	O	1.52	TiO2	0
384.0	5.8367	5.52613	4.28633	Ti	1.96	TiO2	0
385.0	4.56841	4.22106	3.54708	O	1.52	TiO2	0
386.0	4.84074	4.8441	6.01792	O	1.52	TiO2	0
387.0	8.57603	-0.72734	-2.83868	O	1.52	TiO2	0
388.0	8.69709	-0.650065	0.602809	O	1.52	TiO2	0
389.0	8.79836	-0.70889	3.77362	O	1.52	TiO2	0
