0.0	-12.9781	-2.69465	-3.37988	O	1.52	TiO2	0
1.0	-13.2615	-1.61204	-1.78074	Ti	1.96	TiO2	0
2.0	-13.371	-3.34554	-0.869577	O	1.52	TiO2	0
3.0	-13.2465	-2.95286	2.41226	O	1.52	TiO2	0
4.0	-13.1837	-3.157	5.47867	O	1.52	TiO2	0
5.0	-12.9928	2.09612	-3.97534	O	1.52	TiO2	0
6.0	-13.118	1.86618	-0.620018	O	1.52	TiO2	0
7.0	-12.0136	4.14682	2.02206	O	1.52	TiO2	0
8.0	-13.272	0.590307	5.36787	O	1.52	TiO2	0
9.0	-10.0118	-10.0864	-0.358866	Ti	1.96	TiO2	0
10.0	-11.3643	-9.39565	0.562771	O	1.52	TiO2	0
11.0	-9.29288	-11.6023	0.52796	O	1.52	TiO2	0
12.0	-9.91141	-10.2117	4.64685	Ti	1.96	TiO2	0
13.0	-11.3026	-9.59218	3.5147	O	1.52	TiO2	0
14.0	-9.46641	-11.6044	3.53105	O	1.52	TiO2	0
15.0	-6.86382	-6.89543	-10.4016	O	1.52	TiO2	0
16.0	-9.87502	-5.84764	-6.79555	Ti	1.96	TiO2	0
17.0	-11.4374	-4.90844	-6.0338	O	1.52	TiO2	0
18.0	-9.3516	-4.4669	-7.9278	O	1.52	TiO2	0
19.0	-9.89092	-5.63475	-3.61655	Ti	1.96	TiO2	0
20.0	-9.58835	-7.34899	-5.71577	O	1.52	TiO2	0
21.0	-10.8719	-4.02458	-3.58379	O	1.52	TiO2	0
22.0	-8.66314	-7.01001	-3.41244	O	1.52	TiO2	0
23.0	-10.0555	-5.85844	-0.590849	Ti	1.96	TiO2	0
24.0	-11.0938	-6.06636	-2.20388	O	1.52	TiO2	0
25.0	-11.4503	-4.52458	-0.389152	O	1.52	TiO2	0
26.0	-8.54485	-7.0184	-0.629309	O	1.52	TiO2	0
27.0	-10.8213	-8.41333	2.1653	Ti	1.96	TiO2	0
28.0	-9.9717	-5.69002	2.26677	Ti	1.96	TiO2	0
29.0	-10.8157	-6.85392	0.904081	O	1.52	TiO2	0
30.0	-11.3939	-4.42708	2.4468	O	1.52	TiO2	0
31.0	-8.65374	-7.06068	2.30882	O	1.52	TiO2	0
32.0	-9.92183	-5.81969	5.09722	Ti	1.96	TiO2	0
33.0	-10.7793	-6.91847	3.41528	O	1.52	TiO2	0
34.0	-11.2238	-4.37773	5.21713	O	1.52	TiO2	0
35.0	-8.53122	-7.0314	4.91588	O	1.52	TiO2	0
36.0	-9.95917	-5.76429	8.11015	Ti	1.96	TiO2	0
37.0	-10.4056	-6.91696	6.54092	O	1.52	TiO2	0
38.0	-11.581	-5.06503	7.81619	O	1.52	TiO2	0
39.0	-8.51765	-7.04915	8.31814	O	1.52	TiO2	0
40.0	-9.96004	-0.927585	-9.56395	Ti	1.96	TiO2	0
41.0	-8.74115	-2.40242	-9.81954	O	1.52	TiO2	0
42.0	-10.24	-1.24395	-6.65713	Ti	1.96	TiO2	0
43.0	-10.9512	-1.86747	-8.27525	O	1.52	TiO2	0
44.0	-11.5821	0.15981	-6.63782	O	1.52	TiO2	0
45.0	-8.71226	-2.36863	-6.55997	O	1.52	TiO2	0
46.0	-12.2441	-3.69842	-4.87467	Ti	1.96	TiO2	0
47.0	-10.1878	-1.28279	-3.58659	Ti	1.96	TiO2	0
48.0	-11.0272	-2.19178	-5.2327	O	1.52	TiO2	0
49.0	-11.3566	0.208383	-3.67988	O	1.52	TiO2	0
50.0	-8.74807	-2.53044	-3.6395	O	1.52	TiO2	0
51.0	-12.2352	-4.34407	-2.23932	Ti	1.96	TiO2	0
52.0	-9.95443	-1.16745	-0.77125	Ti	1.96	TiO2	0
53.0	-11.1613	-1.94094	-1.963	O	1.52	TiO2	0
54.0	-11.2181	0.311017	-0.994662	O	1.52	TiO2	0
55.0	-8.67738	-2.5141	-0.712461	O	1.52	TiO2	0
56.0	-12.2804	-3.41744	0.871284	Ti	1.96	TiO2	0
57.0	-10.0195	-1.31508	2.22067	Ti	1.96	TiO2	0
58.0	-10.8882	-2.15896	0.703386	O	1.52	TiO2	0
59.0	-13.028	-5.05257	-3.83057	O	1.52	TiO2	0
60.0	-11.4994	-0.0215137	2.23188	O	1.52	TiO2	0
61.0	-8.65527	-2.63828	2.1961	O	1.52	TiO2	0
62.0	-12.2726	-3.41864	3.89449	Ti	1.96	TiO2	0
63.0	-9.93593	-1.2782	5.16394	Ti	1.96	TiO2	0
64.0	-10.8947	-2.1196	3.69967	O	1.52	TiO2	0
65.0	-11.024	0.281664	4.93935	O	1.52	TiO2	0
66.0	-8.65659	-2.61744	5.10041	O	1.52	TiO2	0
67.0	-12.0064	-3.45894	6.9164	Ti	1.96	TiO2	0
68.0	-10.3119	-1.35845	9.14479	Ti	1.96	TiO2	0
69.0	-11.3665	-1.65273	6.31981	O	1.52	TiO2	0
70.0	-11.5415	-0.119858	8.3955	O	1.52	TiO2	0
71.0	-8.84327	-2.49769	8.05293	O	1.52	TiO2	0
72.0	-11.5341	-2.66657	8.58148	O	1.52	TiO2	0
73.0	-9.4068	-2.40127	10.5039	O	1.52	TiO2	0
74.0	-9.77779	3.53415	-9.60152	Ti	1.96	TiO2	0
75.0	-8.58766	2.05283	-9.67183	O	1.52	TiO2	0
76.0	-10.1495	3.45161	-6.7592	Ti	1.96	TiO2	0
77.0	-10.7798	2.57238	-8.40974	O	1.52	TiO2	0
78.0	-11.1428	5.09337	-6.68734	O	1.52	TiO2	0
79.0	-8.72607	2.19041	-6.65587	O	1.52	TiO2	0
80.0	-12.1143	1.06479	-5.15692	Ti	1.96	TiO2	0
81.0	-10.1021	3.38996	-3.70505	Ti	1.96	TiO2	0
82.0	-10.8705	2.49092	-5.2728	O	1.52	TiO2	0
83.0	-11.0883	5.04448	-3.81892	O	1.52	TiO2	0
84.0	-8.68434	2.17245	-3.70215	O	1.52	TiO2	0
85.0	-12.3928	1.30747	-2.30466	Ti	1.96	TiO2	0
86.0	-10.1751	3.31955	-0.702505	Ti	1.96	TiO2	0
87.0	-10.9645	2.55288	-2.28802	O	1.52	TiO2	0
88.0	-13.5902	-0.0684971	-2.71103	O	1.52	TiO2	0
89.0	-11.3877	4.75901	-0.86932	O	1.52	TiO2	0
90.0	-8.7865	2.05196	-0.765844	O	1.52	TiO2	0
91.0	-12.273	0.746416	0.617084	Ti	1.96	TiO2	0
92.0	-10.282	3.35389	2.22954	Ti	1.96	TiO2	0
93.0	-10.9792	2.28065	0.753727	O	1.52	TiO2	0
94.0	-13.1191	-0.886379	-0.0183286	O	1.52	TiO2	0
95.0	-14.1333	4.62362	3.55596	O	1.52	TiO2	0
96.0	-8.855	1.98512	2.18523	O	1.52	TiO2	0
97.0	-12.3574	0.851268	3.72733	Ti	1.96	TiO2	0
98.0	-10.3752	3.165	5.13522	Ti	1.96	TiO2	0
99.0	-11.1412	2.32837	3.68005	O	1.52	TiO2	0
100.0	-13.3565	1.66691	2.31788	O	1.52	TiO2	0
101.0	-11.8563	4.35988	5.26043	O	1.52	TiO2	0
102.0	-8.76992	2.02245	5.10165	O	1.52	TiO2	0
103.0	-11.8385	0.22907	6.66141	Ti	1.96	TiO2	0
104.0	-10.0739	3.23098	8.05088	Ti	1.96	TiO2	0
105.0	-11.0668	2.25755	6.77975	O	1.52	TiO2	0
106.0	-8.52304	2.19548	8.10111	O	1.52	TiO2	0
107.0	-6.84404	2.4299	12.2206	O	1.52	TiO2	0
108.0	-9.36739	4.70264	-10.9087	O	1.52	TiO2	0
109.0	-8.88294	8.58064	-6.90221	Ti	1.96	TiO2	0
110.0	-8.79186	7.44016	-8.49413	O	1.52	TiO2	0
111.0	-10.6033	6.10821	-5.23341	Ti	1.96	TiO2	0
112.0	-11.5309	6.51799	-2.64465	Ti	1.96	TiO2	0
113.0	-8.97684	6.74742	-6.20975	O	1.52	TiO2	0
114.0	-8.87492	6.40371	-3.76375	O	1.52	TiO2	0
115.0	-13.0025	5.44715	-0.307323	Ti	1.96	TiO2	0
116.0	-9.10936	8.67866	-1.02147	Ti	1.96	TiO2	0
117.0	-13.2029	6.30068	-1.88432	O	1.52	TiO2	0
118.0	-11.5049	7.43075	-4.32742	O	1.52	TiO2	0
119.0	-8.69058	6.68306	-0.80571	O	1.52	TiO2	0
120.0	-13.779	3.46837	2.1476	Ti	1.96	TiO2	0
121.0	-10.8288	7.34572	1.76586	Ti	1.96	TiO2	0
122.0	-12.3503	6.79079	0.77159	O	1.52	TiO2	0
123.0	-14.3294	4.61661	0.758483	O	1.52	TiO2	0
124.0	-9.16978	6.39243	2.07614	O	1.52	TiO2	0
125.0	-13.0161	5.70069	4.49417	Ti	1.96	TiO2	0
126.0	-10.7734	7.65429	4.81512	Ti	1.96	TiO2	0
127.0	-11.5844	6.60747	3.36376	O	1.52	TiO2	0
128.0	-9.06291	6.67447	5.04663	O	1.52	TiO2	0
129.0	-12.4031	7.11741	5.53652	O	1.52	TiO2	0
130.0	-8.82061	6.69962	7.84849	O	1.52	TiO2	0
131.0	-7.70712	11.762	-4.55516	O	1.52	TiO2	0
132.0	-9.27067	10.0639	-2.26146	O	1.52	TiO2	0
133.0	-7.93725	10.8508	0.892619	O	1.52	TiO2	0
134.0	-5.83321	-10.0985	-6.88464	Ti	1.96	TiO2	0
135.0	-9.13954	-7.1106	-8.20763	O	1.52	TiO2	0
136.0	-4.98963	-11.5402	-6.10656	O	1.52	TiO2	0
137.0	-5.56635	-9.86735	-3.56695	Ti	1.96	TiO2	0
138.0	-7.16686	-8.72709	-6.38621	O	1.52	TiO2	0
139.0	-7.09473	-8.80172	-3.68473	O	1.52	TiO2	0
140.0	-4.16609	-11.1009	-3.47111	O	1.52	TiO2	0
141.0	-5.67957	-10.2754	-0.643833	Ti	1.96	TiO2	0
142.0	-6.57326	-10.7622	-2.22154	O	1.52	TiO2	0
143.0	-6.73969	-8.68105	-0.53824	O	1.52	TiO2	0
144.0	-4.26462	-11.6574	-0.640331	O	1.52	TiO2	0
145.0	-8.32338	-11.0925	2.0927	Ti	1.96	TiO2	0
146.0	-5.44178	-10.1227	2.26116	Ti	1.96	TiO2	0
147.0	-6.70512	-10.8631	0.940845	O	1.52	TiO2	0
148.0	-6.64252	-8.6813	2.19649	O	1.52	TiO2	0
149.0	-4.34272	-11.6037	2.00678	O	1.52	TiO2	0
150.0	-5.62074	-10.3009	5.18955	Ti	1.96	TiO2	0
151.0	-6.68884	-10.8337	3.49658	O	1.52	TiO2	0
152.0	-6.85187	-8.77659	5.23778	O	1.52	TiO2	0
153.0	-4.0296	-11.353	5.47236	O	1.52	TiO2	0
154.0	-5.84198	-10.1379	8.05184	Ti	1.96	TiO2	0
155.0	-6.63313	-11.0382	6.54696	O	1.52	TiO2	0
156.0	-7.33663	-9.05543	8.03635	O	1.52	TiO2	0
157.0	-4.55766	-11.4257	8.25228	O	1.52	TiO2	0
158.0	-6.29796	-6.20472	-12.0697	Ti	1.96	TiO2	0
159.0	-5.81045	-5.71757	-9.29067	Ti	1.96	TiO2	0
160.0	-4.70016	-7.25972	-12.2961	O	1.52	TiO2	0
161.0	-7.51245	-4.87349	-12.2065	O	1.52	TiO2	0
162.0	-4.36906	-6.98696	-9.44505	O	1.52	TiO2	0
163.0	-7.68211	-8.1605	-8.25287	Ti	1.96	TiO2	0
164.0	-5.63061	-5.55607	-6.44116	Ti	1.96	TiO2	0
165.0	-6.56483	-6.69902	-7.84718	O	1.52	TiO2	0
166.0	-6.91756	-4.18907	-6.56334	O	1.52	TiO2	0
167.0	-4.27711	-6.94302	-6.54198	O	1.52	TiO2	0
168.0	-7.94535	-7.78944	-5.00283	Ti	1.96	TiO2	0
169.0	-5.5282	-5.59988	-3.6185	Ti	1.96	TiO2	0
170.0	-6.58673	-6.50094	-5.06512	O	1.52	TiO2	0
171.0	-7.12267	-9.9218	-8.48187	O	1.52	TiO2	0
172.0	-6.95885	-4.30559	-3.7285	O	1.52	TiO2	0
173.0	-4.18667	-6.96982	-3.64725	O	1.52	TiO2	0
174.0	-7.80189	-7.99842	-2.05032	Ti	1.96	TiO2	0
175.0	-5.52541	-5.64877	-0.707517	Ti	1.96	TiO2	0
176.0	-6.39337	-6.6806	-2.17949	O	1.52	TiO2	0
177.0	-9.1598	-9.2697	-1.84117	O	1.52	TiO2	0
178.0	-6.79347	-4.24302	-0.813533	O	1.52	TiO2	0
179.0	-4.17072	-6.98982	-0.61854	O	1.52	TiO2	0
180.0	-7.61067	-7.80658	0.826037	Ti	1.96	TiO2	0
181.0	-5.37225	-5.58262	2.26204	Ti	1.96	TiO2	0
182.0	-6.46749	-6.32261	0.744106	O	1.52	TiO2	0
183.0	-8.98702	-9.13013	1.09002	O	1.52	TiO2	0
184.0	-6.7666	-4.25359	2.20851	O	1.52	TiO2	0
185.0	-4.09433	-6.96372	2.28653	O	1.52	TiO2	0
186.0	-7.5266	-7.9838	3.65878	Ti	1.96	TiO2	0
187.0	-5.59804	-5.70504	5.16728	Ti	1.96	TiO2	0
188.0	-6.36882	-6.53388	3.64146	O	1.52	TiO2	0
189.0	-8.81786	-9.33186	3.50236	O	1.52	TiO2	0
190.0	-6.86907	-4.27198	5.20218	O	1.52	TiO2	0
191.0	-4.32806	-7.0536	5.13764	O	1.52	TiO2	0
192.0	-8.12489	-7.98485	6.53306	Ti	1.96	TiO2	0
193.0	-5.6833	-5.53819	8.10372	Ti	1.96	TiO2	0
194.0	-6.61112	-6.57447	6.67574	O	1.52	TiO2	0
195.0	-9.30042	-9.35985	6.17789	O	1.52	TiO2	0
196.0	-6.89813	-4.12028	8.09456	O	1.52	TiO2	0
197.0	-4.45995	-7.08785	8.08006	O	1.52	TiO2	0
198.0	-7.29816	-7.86257	9.42295	Ti	1.96	TiO2	0
199.0	-5.18525	-4.95837	11.1953	Ti	1.96	TiO2	0
200.0	-6.46192	-6.22096	9.79914	O	1.52	TiO2	0
201.0	-6.63456	-3.63154	11.158	O	1.52	TiO2	0
202.0	-4.13815	-6.59544	11.0703	O	1.52	TiO2	0
203.0	-5.3861	-0.992613	-12.4063	Ti	1.96	TiO2	0
204.0	-6.84668	0.194302	-12.4793	O	1.52	TiO2	0
205.0	-4.41732	-2.72639	-12.7113	O	1.52	TiO2	0
206.0	-7.72495	-3.48145	-11.027	Ti	1.96	TiO2	0
207.0	-5.72756	-1.13572	-9.4899	Ti	1.96	TiO2	0
208.0	-6.45609	-2.12291	-11.1528	O	1.52	TiO2	0
209.0	-7.04637	0.175305	-9.57909	O	1.52	TiO2	0
210.0	-4.52473	-2.54229	-9.49203	O	1.52	TiO2	0
211.0	-7.98747	-3.28901	-8.00419	Ti	1.96	TiO2	0
212.0	-5.69386	-1.08189	-6.54892	Ti	1.96	TiO2	0
213.0	-6.67102	-2.00666	-8.10853	O	1.52	TiO2	0
214.0	-7.10039	-4.30159	-9.45555	O	1.52	TiO2	0
215.0	-7.01536	0.239686	-6.67948	O	1.52	TiO2	0
216.0	-4.41526	-2.49927	-6.57143	O	1.52	TiO2	0
217.0	-7.91486	-3.38434	-5.14096	Ti	1.96	TiO2	0
218.0	-5.64995	-1.03257	-3.63672	Ti	1.96	TiO2	0
219.0	-6.47401	-1.98733	-5.06294	O	1.52	TiO2	0
220.0	-9.04673	-5.03349	-5.18716	O	1.52	TiO2	0
221.0	-7.03028	0.244098	-3.73905	O	1.52	TiO2	0
222.0	-4.31731	-2.39079	-3.59123	O	1.52	TiO2	0
223.0	-7.78606	-3.36996	-2.15721	Ti	1.96	TiO2	0
224.0	-5.5673	-1.00848	-0.749758	Ti	1.96	TiO2	0
225.0	-6.49326	-1.93547	-2.20794	O	1.52	TiO2	0
226.0	-9.09781	-4.82249	-2.00441	O	1.52	TiO2	0
227.0	-6.96683	0.291819	-0.675816	O	1.52	TiO2	0
228.0	-4.27274	-2.38641	-0.770413	O	1.52	TiO2	0
229.0	-7.74892	-3.45054	0.723745	Ti	1.96	TiO2	0
230.0	-5.68322	-1.09952	2.16144	Ti	1.96	TiO2	0
231.0	-6.46988	-2.01406	0.656322	O	1.52	TiO2	0
232.0	-9.08275	-4.86941	0.778012	O	1.52	TiO2	0
233.0	-6.99672	0.261002	2.18049	O	1.52	TiO2	0
234.0	-4.2999	-2.42906	2.07648	O	1.52	TiO2	0
235.0	-7.72489	-3.43452	3.71648	Ti	1.96	TiO2	0
236.0	-5.58923	-1.1166	5.08402	Ti	1.96	TiO2	0
237.0	-6.42531	-2.0593	3.55321	O	1.52	TiO2	0
238.0	-9.05047	-4.81841	3.7013	O	1.52	TiO2	0
239.0	-6.94116	0.255135	5.14068	O	1.52	TiO2	0
240.0	-4.2238	-2.42036	5.14726	O	1.52	TiO2	0
241.0	-7.83251	-3.40353	6.61854	Ti	1.96	TiO2	0
242.0	-5.59437	-1.13705	8.0421	Ti	1.96	TiO2	0
243.0	-6.38961	-2.01049	6.53507	O	1.52	TiO2	0
244.0	-9.09505	-4.83736	6.62922	O	1.52	TiO2	0
245.0	-6.89571	0.337437	7.98791	O	1.52	TiO2	0
246.0	-4.15166	-2.36437	8.00711	O	1.52	TiO2	0
247.0	-7.97237	-3.30908	9.65669	Ti	1.96	TiO2	0
248.0	-5.68467	-1.50503	10.9723	Ti	1.96	TiO2	0
249.0	-6.65908	-1.85636	9.40739	O	1.52	TiO2	0
250.0	-9.04518	-4.9275	9.49005	O	1.52	TiO2	0
251.0	-6.81998	0.0751718	11.1658	O	1.52	TiO2	0
252.0	-4.21139	-2.60026	10.7438	O	1.52	TiO2	0
253.0	-4.85236	-0.462187	12.3792	O	1.52	TiO2	0
254.0	-2.07178	-2.97029	14.3397	O	1.52	TiO2	0
255.0	-5.58905	3.40296	-12.6006	Ti	1.96	TiO2	0
256.0	-4.2684	2.16612	-12.0603	O	1.52	TiO2	0
257.0	-7.80634	1.08771	-11.1051	Ti	1.96	TiO2	0
258.0	-5.7142	3.4264	-9.56967	Ti	1.96	TiO2	0
259.0	-6.59742	2.54074	-11.1885	O	1.52	TiO2	0
260.0	-9.34771	-0.00708065	-11.0435	O	1.52	TiO2	0
261.0	-7.13785	4.82649	-9.67633	O	1.52	TiO2	0
262.0	-4.36289	2.04761	-9.3576	O	1.52	TiO2	0
263.0	-7.93039	1.25674	-8.08137	Ti	1.96	TiO2	0
264.0	-5.6835	3.44501	-6.63109	Ti	1.96	TiO2	0
265.0	-6.56405	2.55816	-8.07168	O	1.52	TiO2	0
266.0	-9.17339	-0.142142	-8.1023	O	1.52	TiO2	0
267.0	-7.12005	4.83806	-6.69114	O	1.52	TiO2	0
268.0	-4.33001	2.08149	-6.50871	O	1.52	TiO2	0
269.0	-7.89821	1.16717	-5.15593	Ti	1.96	TiO2	0
270.0	-5.61189	3.4305	-3.58458	Ti	1.96	TiO2	0
271.0	-6.47895	2.58156	-5.08155	O	1.52	TiO2	0
272.0	-9.34322	-0.220892	-5.14749	O	1.52	TiO2	0
273.0	-6.92512	4.80089	-3.61647	O	1.52	TiO2	0
274.0	-4.22601	2.1324	-3.60428	O	1.52	TiO2	0
275.0	-7.87539	1.16196	-2.18092	Ti	1.96	TiO2	0
276.0	-5.68503	3.43454	-0.681027	Ti	1.96	TiO2	0
277.0	-6.49754	2.48713	-2.17615	O	1.52	TiO2	0
278.0	-9.08887	-0.317273	-2.24055	O	1.52	TiO2	0
279.0	-7.16059	4.70085	-0.698519	O	1.52	TiO2	0
280.0	-4.43721	1.98888	-0.729728	O	1.52	TiO2	0
281.0	-7.948	1.17895	0.759219	Ti	1.96	TiO2	0
282.0	-5.63552	3.44996	2.20471	Ti	1.96	TiO2	0
283.0	-6.5953	2.56097	0.829226	O	1.52	TiO2	0
284.0	-9.27448	-0.288358	0.701704	O	1.52	TiO2	0
285.0	-7.17038	4.78141	2.27281	O	1.52	TiO2	0
286.0	-4.34437	2.08338	2.21303	O	1.52	TiO2	0
287.0	-7.89908	1.07633	3.66514	Ti	1.96	TiO2	0
288.0	-5.66347	3.50642	5.10043	Ti	1.96	TiO2	0
289.0	-6.56282	2.53632	3.67025	O	1.52	TiO2	0
290.0	-8.99868	-0.499625	3.67614	O	1.52	TiO2	0
291.0	-7.19292	4.86979	5.04043	O	1.52	TiO2	0
292.0	-4.2108	2.23327	5.0304	O	1.52	TiO2	0
293.0	-7.83044	1.15865	6.60096	Ti	1.96	TiO2	0
294.0	-5.80027	3.40154	8.02483	Ti	1.96	TiO2	0
295.0	-6.58081	2.52655	6.45608	O	1.52	TiO2	0
296.0	-9.19903	-0.129319	6.5217	O	1.52	TiO2	0
297.0	-7.21509	4.76876	7.89354	O	1.52	TiO2	0
298.0	-4.42469	2.03573	8.07914	O	1.52	TiO2	0
299.0	-7.6234	0.999859	9.58036	Ti	1.96	TiO2	0
300.0	-5.73533	3.48839	11.1112	Ti	1.96	TiO2	0
301.0	-6.51486	2.53106	9.60898	O	1.52	TiO2	0
302.0	-9.24506	0.14949	9.58696	O	1.52	TiO2	0
303.0	-6.91082	5.32716	10.8933	O	1.52	TiO2	0
304.0	-4.4997	1.94713	11.1309	O	1.52	TiO2	0
305.0	-5.97193	0.958876	12.7052	Ti	1.96	TiO2	0
306.0	-4.51497	1.67702	13.6267	O	1.52	TiO2	0
307.0	-2.33606	4.50632	14.0245	O	1.52	TiO2	0
308.0	-6.91291	4.72886	-12.6329	O	1.52	TiO2	0
309.0	-7.74608	5.59207	-11.2794	Ti	1.96	TiO2	0
310.0	-5.7527	7.76494	-9.55317	Ti	1.96	TiO2	0
311.0	-6.95106	7.10636	-10.7212	O	1.52	TiO2	0
312.0	-4.36151	6.46519	-9.5026	O	1.52	TiO2	0
313.0	-7.89735	5.85147	-8.0355	Ti	1.96	TiO2	0
314.0	-5.50743	8.00885	-6.62971	Ti	1.96	TiO2	0
315.0	-6.34249	6.91758	-8.06173	O	1.52	TiO2	0
316.0	-9.1658	4.45003	-8.15032	O	1.52	TiO2	0
317.0	-7.12185	8.97375	-6.81008	O	1.52	TiO2	0
318.0	-4.24911	6.52142	-6.5248	O	1.52	TiO2	0
319.0	-7.74353	5.62473	-5.07251	Ti	1.96	TiO2	0
320.0	-5.69609	7.95395	-3.65444	Ti	1.96	TiO2	0
321.0	-6.50129	7.05504	-5.15565	O	1.52	TiO2	0
322.0	-9.27172	4.37568	-5.32033	O	1.52	TiO2	0
323.0	-7.09168	9.21657	-3.75161	O	1.52	TiO2	0
324.0	-4.35698	6.43398	-3.68282	O	1.52	TiO2	0
325.0	-7.947	5.59668	-2.17832	Ti	1.96	TiO2	0
326.0	-5.78291	7.82234	-0.716859	Ti	1.96	TiO2	0
327.0	-6.63007	6.98573	-2.2342	O	1.52	TiO2	0
328.0	-9.22284	4.23356	-2.24535	O	1.52	TiO2	0
329.0	-7.16332	9.14402	-0.697478	O	1.52	TiO2	0
330.0	-4.35168	6.56368	-0.703152	O	1.52	TiO2	0
331.0	-8.00519	5.59978	0.698097	Ti	1.96	TiO2	0
332.0	-5.77058	7.83515	2.18492	Ti	1.96	TiO2	0
333.0	-6.62857	6.90164	0.770301	O	1.52	TiO2	0
334.0	-9.42586	4.25404	0.710692	O	1.52	TiO2	0
335.0	-6.88386	9.24988	2.64214	O	1.52	TiO2	0
336.0	-4.45083	6.47961	2.27001	O	1.52	TiO2	0
337.0	-8.08084	5.68202	3.59533	Ti	1.96	TiO2	0
338.0	-5.74983	7.83723	5.18807	Ti	1.96	TiO2	0
339.0	-6.78894	7.01055	3.71955	O	1.52	TiO2	0
340.0	-9.49727	4.31033	3.77966	O	1.52	TiO2	0
341.0	-7.13876	9.20284	5.31611	O	1.52	TiO2	0
342.0	-4.45288	6.37042	5.23747	O	1.52	TiO2	0
343.0	-8.17753	5.59692	6.40208	Ti	1.96	TiO2	0
344.0	-5.79362	7.97228	8.12942	Ti	1.96	TiO2	0
345.0	-6.89851	7.21302	6.56343	O	1.52	TiO2	0
346.0	-9.4942	4.20066	6.5526	O	1.52	TiO2	0
347.0	-7.2479	9.21573	8.0776	O	1.52	TiO2	0
348.0	-4.47007	6.51115	8.12857	O	1.52	TiO2	0
349.0	-8.09306	5.65939	9.33755	Ti	1.96	TiO2	0
350.0	-5.81704	7.13205	10.9445	Ti	1.96	TiO2	0
351.0	-6.90921	7.17413	9.52404	O	1.52	TiO2	0
352.0	-9.50807	4.49634	9.23896	O	1.52	TiO2	0
353.0	-4.16492	6.45701	11.0767	O	1.52	TiO2	0
354.0	-4.56483	10.5746	-6.56823	O	1.52	TiO2	0
355.0	-6.04168	11.8954	-3.83998	Ti	1.96	TiO2	0
356.0	-3.6265	14.0969	-2.61116	Ti	1.96	TiO2	0
357.0	-5.09894	13.4305	-3.47758	O	1.52	TiO2	0
358.0	-9.42117	9.53785	-5.37556	O	1.52	TiO2	0
359.0	-4.52459	10.7574	-3.66522	O	1.52	TiO2	0
360.0	-8.67356	10.299	-3.9357	Ti	1.96	TiO2	0
361.0	-4.20965	14.1794	0.253946	Ti	1.96	TiO2	0
362.0	-6.55217	11.7127	-2.03441	O	1.52	TiO2	0
363.0	-10.7013	7.88533	-1.6184	O	1.52	TiO2	0
364.0	-4.57008	10.6382	-0.566566	O	1.52	TiO2	0
365.0	-6.49245	11.1982	-0.239665	Ti	1.96	TiO2	0
366.0	-5.00547	12.9195	2.38323	Ti	1.96	TiO2	0
367.0	-5.58088	12.7142	0.544036	O	1.52	TiO2	0
368.0	-9.6327	8.67112	0.882797	O	1.52	TiO2	0
369.0	-4.40547	10.9167	2.25027	O	1.52	TiO2	0
370.0	-8.78413	9.71318	2.21628	Ti	1.96	TiO2	0
371.0	-6.69866	10.6025	4.13893	Ti	1.96	TiO2	0
372.0	-8.50983	10.7009	3.77629	O	1.52	TiO2	0
373.0	-10.2105	8.56654	3.19608	O	1.52	TiO2	0
374.0	-4.92351	10.5575	4.9834	O	1.52	TiO2	0
375.0	-8.37272	8.56928	6.83801	Ti	1.96	TiO2	0
376.0	-10.0659	8.66955	6.20394	O	1.52	TiO2	0
377.0	-4.27067	10.7572	8.42943	O	1.52	TiO2	0
378.0	-2.26306	-12.7674	-3.73476	O	1.52	TiO2	0
379.0	-0.626259	-13.7556	-0.866623	Ti	1.96	TiO2	0
380.0	-2.42845	-13.2173	-0.788939	O	1.52	TiO2	0
381.0	-2.637	-13.3155	2.38004	O	1.52	TiO2	0
382.0	-2.96216	-13.5588	5.90725	O	1.52	TiO2	0
383.0	-1.10214	-9.96514	-9.65737	Ti	1.96	TiO2	0
384.0	-2.63351	-8.80061	-9.90771	O	1.52	TiO2	0
385.0	-1.14984	-10.0707	-6.68969	Ti	1.96	TiO2	0
386.0	-1.86017	-10.8778	-8.37535	O	1.52	TiO2	0
387.0	-2.44319	-8.6292	-6.70302	O	1.52	TiO2	0
388.0	0.132958	-11.4135	-6.5117	O	1.52	TiO2	0
389.0	-3.70542	-12.3083	-4.93433	Ti	1.96	TiO2	0
390.0	-1.31558	-10.2867	-3.68968	Ti	1.96	TiO2	0
391.0	-2.2776	-10.8713	-5.37305	O	1.52	TiO2	0
392.0	-2.50852	-8.77749	-3.63631	O	1.52	TiO2	0
393.0	0.277365	-11.4775	-3.70591	O	1.52	TiO2	0
394.0	-3.47801	-12.3976	-2.29059	Ti	1.96	TiO2	0
395.0	-0.990353	-10.0911	-0.749864	Ti	1.96	TiO2	0
396.0	-2.07629	-10.9242	-2.01907	O	1.52	TiO2	0
397.0	-2.29715	-8.71589	-0.743926	O	1.52	TiO2	0
398.0	0.139477	-11.8215	-0.811311	O	1.52	TiO2	0
399.0	-3.2193	-12.2762	0.806491	Ti	1.96	TiO2	0
400.0	-1.07517	-10.1029	2.23048	Ti	1.96	TiO2	0
401.0	-1.84334	-10.9727	0.646973	O	1.52	TiO2	0
402.0	-4.56301	-13.2861	-3.53286	O	1.52	TiO2	0
403.0	-2.4905	-8.74125	2.28519	O	1.52	TiO2	0
404.0	0.286974	-11.6145	2.2173	O	1.52	TiO2	0
405.0	-2.39881	-12.826	4.15024	Ti	1.96	TiO2	0
406.0	-1.17418	-9.93778	5.13724	Ti	1.96	TiO2	0
407.0	-1.93082	-10.9969	3.6787	O	1.52	TiO2	0
408.0	-2.45707	-8.62404	5.27565	O	1.52	TiO2	0
409.0	0.443489	-11.0095	5.00463	O	1.52	TiO2	0
410.0	-3.23321	-12.031	7.09315	Ti	1.96	TiO2	0
411.0	-1.0444	-9.79889	8.64582	Ti	1.96	TiO2	0
412.0	-1.49852	-11.5347	6.23145	O	1.52	TiO2	0
413.0	-2.71134	-8.83212	8.14329	O	1.52	TiO2	0
414.0	0.803125	-11.0471	8.47734	O	1.52	TiO2	0
415.0	-1.7555	-11.4763	8.52676	O	1.52	TiO2	0
416.0	-2.53246	-8.46036	10.7228	O	1.52	TiO2	0
417.0	-1.01874	-5.48531	-12.3371	Ti	1.96	TiO2	0
418.0	-2.60641	-4.36237	-12.2881	O	1.52	TiO2	0
419.0	0.0998081	-6.86201	-12.4591	O	1.52	TiO2	0
420.0	-3.50826	-7.67108	-10.9453	Ti	1.96	TiO2	0
421.0	-1.28706	-5.57085	-9.52419	Ti	1.96	TiO2	0
422.0	-2.10508	-6.44673	-11.0408	O	1.52	TiO2	0
423.0	-2.72083	-4.25671	-9.6077	O	1.52	TiO2	0
424.0	0.0472398	-6.9005	-9.66982	O	1.52	TiO2	0
425.0	-3.45122	-7.85584	-7.96704	Ti	1.96	TiO2	0
426.0	-1.16785	-5.57116	-6.50173	Ti	1.96	TiO2	0
427.0	-2.11923	-6.47041	-8.05	O	1.52	TiO2	0
428.0	-4.70533	-9.17749	-8.0262	O	1.52	TiO2	0
429.0	-2.4673	-4.14102	-6.52875	O	1.52	TiO2	0
430.0	0.124245	-6.95092	-6.7257	O	1.52	TiO2	0
431.0	-3.35459	-7.9487	-5.10637	Ti	1.96	TiO2	0
432.0	-1.19015	-5.54639	-3.65665	Ti	1.96	TiO2	0
433.0	-2.16052	-6.48263	-5.10283	O	1.52	TiO2	0
434.0	-4.87169	-9.15306	-5.20693	O	1.52	TiO2	0
435.0	-2.4994	-4.14254	-3.60669	O	1.52	TiO2	0
436.0	0.238058	-6.87685	-3.75071	O	1.52	TiO2	0
437.0	-3.32907	-7.89681	-2.13096	Ti	1.96	TiO2	0
438.0	-1.16403	-5.58404	-0.784196	Ti	1.96	TiO2	0
439.0	-2.11414	-6.4503	-2.21865	O	1.52	TiO2	0
440.0	-4.72655	-9.14964	-2.08683	O	1.52	TiO2	0
441.0	-2.49587	-4.22691	-0.706938	O	1.52	TiO2	0
442.0	0.168646	-6.90247	-0.84735	O	1.52	TiO2	0
443.0	-3.31064	-7.89259	0.829664	Ti	1.96	TiO2	0
444.0	-1.10618	-5.46778	2.19191	Ti	1.96	TiO2	0
445.0	-1.94298	-6.46485	0.783281	O	1.52	TiO2	0
446.0	-4.5281	-9.38	0.728525	O	1.52	TiO2	0
447.0	-2.43355	-4.05447	2.20911	O	1.52	TiO2	0
448.0	0.199252	-6.91756	2.23192	O	1.52	TiO2	0
449.0	-3.27988	-7.83556	3.79666	Ti	1.96	TiO2	0
450.0	-1.13444	-5.53146	5.12969	Ti	1.96	TiO2	0
451.0	-1.91359	-6.45603	3.58707	O	1.52	TiO2	0
452.0	-4.61681	-9.40224	3.74782	O	1.52	TiO2	0
453.0	-2.50881	-4.15253	5.04552	O	1.52	TiO2	0
454.0	0.156821	-6.94468	5.17363	O	1.52	TiO2	0
455.0	-3.45615	-7.82298	6.65696	Ti	1.96	TiO2	0
456.0	-1.28137	-5.62395	7.98882	Ti	1.96	TiO2	0
457.0	-2.17085	-6.43581	6.49937	O	1.52	TiO2	0
458.0	-4.78066	-9.2672	6.70861	O	1.52	TiO2	0
459.0	-2.42497	-4.1891	7.91322	O	1.52	TiO2	0
460.0	-0.0176636	-7.05988	8.1043	O	1.52	TiO2	0
461.0	-3.7829	-7.97734	9.47397	Ti	1.96	TiO2	0
462.0	-2.2212	-6.5124	11.1799	Ti	1.96	TiO2	0
463.0	-2.27395	-6.53346	9.24388	O	1.52	TiO2	0
464.0	-5.52287	-8.82663	9.49121	O	1.52	TiO2	0
465.0	-2.41167	-4.57577	10.9115	O	1.52	TiO2	0
466.0	-0.355975	-6.57647	11.1089	O	1.52	TiO2	0
467.0	-1.69578	-6.12877	13.0429	O	1.52	TiO2	0
468.0	0.654672	-2.06279	14.006	O	1.52	TiO2	0
469.0	-2.8572	-3.35035	-13.8366	Ti	1.96	TiO2	0
470.0	-1.21306	-0.899609	-12.4617	Ti	1.96	TiO2	0
471.0	-2.10301	-1.76946	-13.8203	O	1.52	TiO2	0
472.0	-2.57669	0.442524	-12.314	O	1.52	TiO2	0
473.0	-0.0549688	-2.41879	-12.2992	O	1.52	TiO2	0
474.0	-3.62194	-3.40102	-10.9957	Ti	1.96	TiO2	0
475.0	-1.30032	-1.04709	-9.50439	Ti	1.96	TiO2	0
476.0	-2.34389	-1.90624	-11.0622	O	1.52	TiO2	0
477.0	-5.16619	-4.92651	-11.1088	O	1.52	TiO2	0
478.0	-2.5584	0.322551	-9.34432	O	1.52	TiO2	0
479.0	0.101563	-2.36108	-9.39025	O	1.52	TiO2	0
480.0	-3.46453	-3.36789	-8.01617	Ti	1.96	TiO2	0
481.0	-1.23472	-1.04941	-6.50131	Ti	1.96	TiO2	0
482.0	-2.1983	-1.93574	-8.01029	O	1.52	TiO2	0
483.0	-4.84842	-4.74526	-8.06104	O	1.52	TiO2	0
484.0	-2.5694	0.27976	-6.45204	O	1.52	TiO2	0
485.0	0.00733809	-2.44871	-6.48344	O	1.52	TiO2	0
486.0	-3.41077	-3.24839	-5.02855	Ti	1.96	TiO2	0
487.0	-1.13153	-1.00294	-3.63254	Ti	1.96	TiO2	0
488.0	-2.10988	-1.8856	-5.05291	O	1.52	TiO2	0
489.0	-4.6546	-4.66072	-5.02722	O	1.52	TiO2	0
490.0	-2.46358	0.305258	-3.66454	O	1.52	TiO2	0
491.0	0.156636	-2.39565	-3.62772	O	1.52	TiO2	0
492.0	-3.40233	-3.24944	-2.16984	Ti	1.96	TiO2	0
493.0	-1.16128	-1.06262	-0.760412	Ti	1.96	TiO2	0
494.0	-1.95533	-2.0507	-2.20044	O	1.52	TiO2	0
495.0	-4.73903	-4.69851	-2.22521	O	1.52	TiO2	0
496.0	-2.54258	0.303612	-0.740333	O	1.52	TiO2	0
497.0	0.262287	-2.35378	-0.741826	O	1.52	TiO2	0
498.0	-3.34761	-3.28669	0.728595	Ti	1.96	TiO2	0
499.0	-1.09677	-1.09793	2.13335	Ti	1.96	TiO2	0
500.0	-2.01135	-1.95164	0.637279	O	1.52	TiO2	0
501.0	-4.57816	-4.73362	0.721555	O	1.52	TiO2	0
502.0	-2.38774	0.308736	2.14163	O	1.52	TiO2	0
503.0	0.230617	-2.53174	2.11577	O	1.52	TiO2	0
504.0	-3.39412	-3.19922	3.66892	Ti	1.96	TiO2	0
505.0	-1.13168	-1.00513	5.03801	Ti	1.96	TiO2	0
506.0	-2.07864	-1.94306	3.61606	O	1.52	TiO2	0
507.0	-4.6182	-4.65305	3.74238	O	1.52	TiO2	0
508.0	-2.54388	0.264783	5.01488	O	1.52	TiO2	0
509.0	0.223535	-2.42839	5.06196	O	1.52	TiO2	0
510.0	-3.30714	-3.37018	6.52168	Ti	1.96	TiO2	0
511.0	-1.20471	-1.03889	7.83749	Ti	1.96	TiO2	0
512.0	-2.03249	-1.94325	6.42078	O	1.52	TiO2	0
513.0	-4.71168	-4.73122	6.54325	O	1.52	TiO2	0
514.0	-2.5983	0.277634	8.03217	O	1.52	TiO2	0
515.0	0.185395	-2.46065	7.86125	O	1.52	TiO2	0
516.0	-3.11598	-3.47844	9.47149	Ti	1.96	TiO2	0
517.0	-1.15266	-1.01911	10.7629	Ti	1.96	TiO2	0
518.0	-1.96692	-1.9744	9.33933	O	1.52	TiO2	0
519.0	-4.61908	-4.69273	9.408	O	1.52	TiO2	0
520.0	-2.52501	0.26327	10.8561	O	1.52	TiO2	0
521.0	0.210359	-2.3125	10.8395	O	1.52	TiO2	0
522.0	-2.38274	-3.91767	12.7236	Ti	1.96	TiO2	0
523.0	-1.12031	-1.48152	13.8328	Ti	1.96	TiO2	0
524.0	-1.88269	-2.07525	12.1825	O	1.52	TiO2	0
525.0	-4.15599	-4.4152	12.6424	O	1.52	TiO2	0
526.0	0.3044	2.09997	13.7677	O	1.52	TiO2	0
527.0	2.35464	-1.81012	12.263	O	1.52	TiO2	0
528.0	-3.57077	1.46851	-13.7461	Ti	1.96	TiO2	0
529.0	-1.11361	3.37045	-12.2483	Ti	1.96	TiO2	0
530.0	-2.00725	2.64372	-13.763	O	1.52	TiO2	0
531.0	-4.53725	-0.155826	-13.846	O	1.52	TiO2	0
532.0	-4.93803	2.6741	-14.2472	O	1.52	TiO2	0
533.0	0.208745	2.00685	-12.3333	O	1.52	TiO2	0
534.0	-3.40019	1.18701	-10.7612	Ti	1.96	TiO2	0
535.0	-1.16847	3.36822	-9.40336	Ti	1.96	TiO2	0
536.0	-1.95327	2.4703	-10.8492	O	1.52	TiO2	0
537.0	-4.72598	-0.255639	-10.8733	O	1.52	TiO2	0
538.0	-2.68373	4.5934	-9.57288	O	1.52	TiO2	0
539.0	0.101922	1.99266	-9.32887	O	1.52	TiO2	0
540.0	-3.47935	1.16154	-7.92358	Ti	1.96	TiO2	0
541.0	-1.21342	3.33913	-6.46322	Ti	1.96	TiO2	0
542.0	-2.09762	2.4752	-7.92633	O	1.52	TiO2	0
543.0	-4.78465	-0.319691	-8.0172	O	1.52	TiO2	0
544.0	-2.59125	4.68684	-6.55434	O	1.52	TiO2	0
545.0	0.171902	1.98192	-6.542	O	1.52	TiO2	0
546.0	-3.42568	1.22174	-5.01326	Ti	1.96	TiO2	0
547.0	-1.21989	3.47386	-3.61417	Ti	1.96	TiO2	0
548.0	-2.07722	2.59523	-5.05847	O	1.52	TiO2	0
549.0	-4.74065	-0.170641	-5.05417	O	1.52	TiO2	0
550.0	-2.59546	4.72771	-3.63953	O	1.52	TiO2	0
551.0	0.218251	2.20053	-3.65544	O	1.52	TiO2	0
552.0	-3.36753	1.15779	-2.16414	Ti	1.96	TiO2	0
553.0	-1.19106	3.44929	-0.745732	Ti	1.96	TiO2	0
554.0	-2.0721	2.53569	-2.17856	O	1.52	TiO2	0
555.0	-4.7633	-0.185252	-2.23944	O	1.52	TiO2	0
556.0	-2.62909	4.70944	-0.705126	O	1.52	TiO2	0
557.0	0.16118	2.06766	-0.729658	O	1.52	TiO2	0
558.0	-3.46394	1.16426	0.743184	Ti	1.96	TiO2	0
559.0	-1.11698	3.44544	2.18777	Ti	1.96	TiO2	0
560.0	-2.05874	2.48621	0.811355	O	1.52	TiO2	0
561.0	-4.7434	-0.194271	0.766598	O	1.52	TiO2	0
562.0	-2.49071	4.93842	2.30382	O	1.52	TiO2	0
563.0	0.233521	2.11822	2.17575	O	1.52	TiO2	0
564.0	-3.38881	1.17861	3.58507	Ti	1.96	TiO2	0
565.0	-1.10122	3.45352	5.02502	Ti	1.96	TiO2	0
566.0	-2.04489	2.59832	3.6113	O	1.52	TiO2	0
567.0	-4.74117	-0.208943	3.54494	O	1.52	TiO2	0
568.0	-2.52086	4.8501	5.16618	O	1.52	TiO2	0
569.0	0.177776	2.03817	5.01188	O	1.52	TiO2	0
570.0	-3.44384	1.2097	6.49004	Ti	1.96	TiO2	0
571.0	-1.12719	3.45443	7.94411	Ti	1.96	TiO2	0
572.0	-2.0882	2.58808	6.46398	O	1.52	TiO2	0
573.0	-4.73842	-0.163976	6.49197	O	1.52	TiO2	0
574.0	-2.50799	4.83091	8.08635	O	1.52	TiO2	0
575.0	0.258316	2.09249	7.83516	O	1.52	TiO2	0
576.0	-3.55122	1.13647	9.48993	Ti	1.96	TiO2	0
577.0	-1.1903	3.2389	10.823	Ti	1.96	TiO2	0
578.0	-2.1721	2.63745	9.33384	O	1.52	TiO2	0
579.0	-4.90814	-0.226073	9.60544	O	1.52	TiO2	0
580.0	-2.49844	4.58443	10.9955	O	1.52	TiO2	0
581.0	0.127477	1.89897	10.8047	O	1.52	TiO2	0
582.0	-3.18793	0.807886	12.4867	Ti	1.96	TiO2	0
583.0	-1.1318	3.213	13.719	Ti	1.96	TiO2	0
584.0	-1.9467	2.26737	12.3636	O	1.52	TiO2	0
585.0	-2.20436	0.149037	13.926	O	1.52	TiO2	0
586.0	1.7117	4.29224	14.0278	O	1.52	TiO2	0
587.0	-1.91043	6.85492	-12.5933	Ti	1.96	TiO2	0
588.0	-0.0828509	6.73223	-12.2474	O	1.52	TiO2	0
589.0	-3.51374	5.59798	-10.9478	Ti	1.96	TiO2	0
590.0	-1.13862	7.95101	-9.42316	Ti	1.96	TiO2	0
591.0	-3.80863	6.7388	-12.507	O	1.52	TiO2	0
592.0	-4.97746	4.4291	-11.0863	O	1.52	TiO2	0
593.0	-2.54111	9.26498	-9.46852	O	1.52	TiO2	0
594.0	0.250071	6.61772	-9.51852	O	1.52	TiO2	0
595.0	-3.37935	5.63034	-8.06167	Ti	1.96	TiO2	0
596.0	-1.11924	7.86582	-6.54235	Ti	1.96	TiO2	0
597.0	-1.95112	6.85812	-8.0003	O	1.52	TiO2	0
598.0	-4.87361	4.38333	-8.11317	O	1.52	TiO2	0
599.0	-2.54536	9.17097	-6.66336	O	1.52	TiO2	0
600.0	0.294099	6.53674	-6.55764	O	1.52	TiO2	0
601.0	-3.45758	5.64732	-5.06778	Ti	1.96	TiO2	0
602.0	-1.1355	7.86449	-3.74359	Ti	1.96	TiO2	0
603.0	-2.06629	6.89245	-5.09208	O	1.52	TiO2	0
604.0	-4.87154	4.30306	-5.20205	O	1.52	TiO2	0
605.0	-2.50571	9.1312	-3.64089	O	1.52	TiO2	0
606.0	0.162208	6.49248	-3.65773	O	1.52	TiO2	0
607.0	-3.49871	5.71044	-2.16685	Ti	1.96	TiO2	0
608.0	-1.05328	7.95987	-0.776461	Ti	1.96	TiO2	0
609.0	-2.06816	6.96146	-2.17995	O	1.52	TiO2	0
610.0	-4.74522	4.26014	-2.06946	O	1.52	TiO2	0
611.0	-2.6188	9.12303	-0.666267	O	1.52	TiO2	0
612.0	0.2091	6.61379	-0.723983	O	1.52	TiO2	0
613.0	-3.4456	5.72076	0.791059	Ti	1.96	TiO2	0
614.0	-1.22539	7.78111	2.25267	Ti	1.96	TiO2	0
615.0	-1.96275	6.90732	0.738288	O	1.52	TiO2	0
616.0	-4.76922	4.34358	0.731656	O	1.52	TiO2	0
617.0	-2.60921	9.12882	2.25655	O	1.52	TiO2	0
618.0	0.24651	6.46189	2.23388	O	1.52	TiO2	0
619.0	-3.48648	5.6743	3.761	Ti	1.96	TiO2	0
620.0	-1.09876	7.79391	5.15165	Ti	1.96	TiO2	0
621.0	-2.09912	6.93773	3.81457	O	1.52	TiO2	0
622.0	-4.83143	4.30394	3.62195	O	1.52	TiO2	0
623.0	-2.5222	9.20678	5.15815	O	1.52	TiO2	0
624.0	0.280706	6.45464	5.05083	O	1.52	TiO2	0
625.0	-3.40441	5.59116	6.60061	Ti	1.96	TiO2	0
626.0	-1.04944	7.8819	8.04361	Ti	1.96	TiO2	0
627.0	-2.05349	7.02659	6.60587	O	1.52	TiO2	0
628.0	-4.78956	4.21052	6.67531	O	1.52	TiO2	0
629.0	-2.39865	9.18396	8.17072	O	1.52	TiO2	0
630.0	0.185359	6.42556	7.90912	O	1.52	TiO2	0
631.0	-3.37973	5.56917	9.51242	Ti	1.96	TiO2	0
632.0	-1.1041	7.67089	11.1004	Ti	1.96	TiO2	0
633.0	-1.96587	6.87785	9.48055	O	1.52	TiO2	0
634.0	-4.91897	4.34747	9.46604	O	1.52	TiO2	0
635.0	-2.19784	9.2547	11.0493	O	1.52	TiO2	0
636.0	0.306242	6.41175	11.142	O	1.52	TiO2	0
637.0	-3.14003	5.36234	12.5695	Ti	1.96	TiO2	0
638.0	-1.90733	6.80106	12.4856	O	1.52	TiO2	0
639.0	-4.78121	4.41797	12.4204	O	1.52	TiO2	0
640.0	-0.0726075	11.5161	-8.68153	O	1.52	TiO2	0
641.0	-3.51761	10.1142	-8.05462	Ti	1.96	TiO2	0
642.0	-1.0686	12.1159	-6.89887	Ti	1.96	TiO2	0
643.0	-2.67604	11.8228	-7.87869	O	1.52	TiO2	0
644.0	-4.82281	8.80158	-8.31956	O	1.52	TiO2	0
645.0	0.254296	10.8315	-6.49521	O	1.52	TiO2	0
646.0	-3.39109	10.082	-5.06808	Ti	1.96	TiO2	0
647.0	-0.963343	12.3711	-3.89545	Ti	1.96	TiO2	0
648.0	-2.04218	11.3033	-5.22709	O	1.52	TiO2	0
649.0	-4.60367	8.59801	-5.0757	O	1.52	TiO2	0
650.0	-2.37849	13.5605	-3.86105	O	1.52	TiO2	0
651.0	0.236927	10.7867	-3.76941	O	1.52	TiO2	0
652.0	-3.53621	9.98439	-2.19678	Ti	1.96	TiO2	0
653.0	-1.25056	12.1629	-0.878893	Ti	1.96	TiO2	0
654.0	-2.13854	11.3435	-2.38301	O	1.52	TiO2	0
655.0	-4.77617	8.59163	-2.10487	O	1.52	TiO2	0
656.0	-2.87935	13.3106	-0.929628	O	1.52	TiO2	0
657.0	0.152333	10.8104	-0.729058	O	1.52	TiO2	0
658.0	-3.44919	9.97125	0.802646	Ti	1.96	TiO2	0
659.0	-1.30215	12.1264	2.157	Ti	1.96	TiO2	0
660.0	-2.04725	11.204	0.719524	O	1.52	TiO2	0
661.0	-4.85368	8.65412	0.787812	O	1.52	TiO2	0
662.0	-3.19439	13.2393	1.81261	O	1.52	TiO2	0
663.0	0.223603	10.832	2.34828	O	1.52	TiO2	0
664.0	-3.56026	9.9519	3.71859	Ti	1.96	TiO2	0
665.0	-1.14031	12.0371	5.03507	Ti	1.96	TiO2	0
666.0	-2.30139	11.3582	3.63084	O	1.52	TiO2	0
667.0	-4.83168	8.46172	3.72031	O	1.52	TiO2	0
668.0	0.204158	10.712	5.1978	O	1.52	TiO2	0
669.0	-3.57017	10.177	6.67086	Ti	1.96	TiO2	0
670.0	-2.32039	11.5551	6.32136	O	1.52	TiO2	0
671.0	-4.76878	8.67289	6.75371	O	1.52	TiO2	0
672.0	0.412171	10.6671	8.35898	O	1.52	TiO2	0
673.0	-3.31926	9.72659	9.66517	Ti	1.96	TiO2	0
674.0	-4.84622	8.54583	9.90478	O	1.52	TiO2	0
675.0	-4.35166	15.2012	-1.25613	O	1.52	TiO2	0
676.0	-4.99284	14.7094	1.83277	O	1.52	TiO2	0
677.0	-6.28821	12.2401	3.37057	O	1.52	TiO2	0
678.0	2.27107	-13.0285	-4.07461	O	1.52	TiO2	0
679.0	2.36666	-12.9057	-0.783635	O	1.52	TiO2	0
680.0	2.26218	-13.1692	2.48097	O	1.52	TiO2	0
681.0	2.24891	-13.1356	5.00463	O	1.52	TiO2	0
682.0	3.49512	-9.68608	-9.61861	Ti	1.96	TiO2	0
683.0	2.02561	-8.50889	-9.69503	O	1.52	TiO2	0
684.0	3.47313	-10.0151	-6.74729	Ti	1.96	TiO2	0
685.0	2.71881	-10.7835	-8.39232	O	1.52	TiO2	0
686.0	2.09489	-8.61797	-6.71078	O	1.52	TiO2	0
687.0	4.82094	-11.3329	-6.48589	O	1.52	TiO2	0
688.0	1.26034	-12.07	-5.2481	Ti	1.96	TiO2	0
689.0	3.46458	-9.92019	-3.82975	Ti	1.96	TiO2	0
690.0	2.52319	-10.6959	-5.30486	O	1.52	TiO2	0
691.0	2.07796	-8.53152	-3.74651	O	1.52	TiO2	0
692.0	4.95445	-11.1933	-3.71304	O	1.52	TiO2	0
693.0	1.52948	-12.4222	-2.4211	Ti	1.96	TiO2	0
694.0	3.33077	-9.98918	-0.864167	Ti	1.96	TiO2	0
695.0	2.50872	-10.7265	-2.40935	O	1.52	TiO2	0
696.0	0.332804	-13.9053	-2.40924	O	1.52	TiO2	0
697.0	2.02849	-8.63363	-0.758925	O	1.52	TiO2	0
698.0	4.63414	-11.4276	-0.818065	O	1.52	TiO2	0
699.0	1.43767	-12.4154	0.821364	Ti	1.96	TiO2	0
700.0	3.30242	-9.99925	2.15837	Ti	1.96	TiO2	0
701.0	2.35063	-10.7442	0.676523	O	1.52	TiO2	0
702.0	0.218511	-13.8334	0.720537	O	1.52	TiO2	0
703.0	1.9958	-8.59019	2.25228	O	1.52	TiO2	0
704.0	4.38279	-11.7117	2.09761	O	1.52	TiO2	0
705.0	0.961034	-12.3549	3.85057	Ti	1.96	TiO2	0
706.0	3.11286	-10.0746	5.29533	Ti	1.96	TiO2	0
707.0	2.556	-11.0685	3.64803	O	1.52	TiO2	0
708.0	-0.54945	-13.2843	4.44267	O	1.52	TiO2	0
709.0	1.89554	-8.63886	5.17679	O	1.52	TiO2	0
710.0	4.57006	-11.2591	5.19236	O	1.52	TiO2	0
711.0	0.406903	-11.7917	6.79407	Ti	1.96	TiO2	0
712.0	2.70082	-10.2217	8.41683	Ti	1.96	TiO2	0
713.0	2.27067	-11.0894	6.71875	O	1.52	TiO2	0
714.0	1.91827	-8.54294	8.29221	O	1.52	TiO2	0
715.0	1.75423	-7.03276	11.9119	O	1.52	TiO2	0
716.0	3.27751	-4.95616	-12.8805	Ti	1.96	TiO2	0
717.0	1.72343	-4.12334	-12.3162	O	1.52	TiO2	0
718.0	0.997509	-7.80461	-11.1782	Ti	1.96	TiO2	0
719.0	3.16903	-5.65565	-9.4945	Ti	1.96	TiO2	0
720.0	2.43412	-6.57659	-11.2584	O	1.52	TiO2	0
721.0	0.00829041	-9.42893	-10.9988	O	1.52	TiO2	0
722.0	1.91738	-4.2659	-9.41881	O	1.52	TiO2	0
723.0	4.5775	-6.98494	-9.53706	O	1.52	TiO2	0
724.0	1.02367	-7.69992	-8.15067	Ti	1.96	TiO2	0
725.0	3.3112	-5.51229	-6.62994	Ti	1.96	TiO2	0
726.0	2.38518	-6.43187	-8.11367	O	1.52	TiO2	0
727.0	-0.225695	-9.18901	-8.18384	O	1.52	TiO2	0
728.0	1.83328	-4.23282	-6.53654	O	1.52	TiO2	0
729.0	4.67588	-6.83212	-6.67469	O	1.52	TiO2	0
730.0	1.08087	-7.83134	-5.1784	Ti	1.96	TiO2	0
731.0	3.26649	-5.60711	-3.67312	Ti	1.96	TiO2	0
732.0	2.4535	-6.42951	-5.18358	O	1.52	TiO2	0
733.0	-0.370909	-9.18608	-5.12454	O	1.52	TiO2	0
734.0	1.93131	-4.21801	-3.70938	O	1.52	TiO2	0
735.0	4.63786	-6.9552	-3.62823	O	1.52	TiO2	0
736.0	1.06634	-7.86695	-2.2256	Ti	1.96	TiO2	0
737.0	3.34361	-5.6075	-0.761735	Ti	1.96	TiO2	0
738.0	2.42032	-6.48836	-2.22236	O	1.52	TiO2	0
739.0	-0.107357	-9.25378	-2.30045	O	1.52	TiO2	0
740.0	1.96118	-4.23449	-0.821212	O	1.52	TiO2	0
741.0	4.71939	-6.91202	-0.839147	O	1.52	TiO2	0
742.0	1.07552	-7.73689	0.675015	Ti	1.96	TiO2	0
743.0	3.32331	-5.66986	2.21848	Ti	1.96	TiO2	0
744.0	2.45222	-6.52603	0.689372	O	1.52	TiO2	0
745.0	-0.0551451	-9.27583	0.770292	O	1.52	TiO2	0
746.0	1.94485	-4.31243	2.15222	O	1.52	TiO2	0
747.0	4.56853	-7.04198	2.09763	O	1.52	TiO2	0
748.0	1.01399	-7.79145	3.6444	Ti	1.96	TiO2	0
749.0	3.28306	-5.58004	5.15196	Ti	1.96	TiO2	0
750.0	2.39467	-6.46982	3.66347	O	1.52	TiO2	0
751.0	-0.311707	-9.16001	3.66528	O	1.52	TiO2	0
752.0	2.05312	-4.20436	5.03167	O	1.52	TiO2	0
753.0	4.51056	-7.03863	5.25106	O	1.52	TiO2	0
754.0	0.996326	-7.77599	6.74279	Ti	1.96	TiO2	0
755.0	3.4042	-5.45325	8.19666	Ti	1.96	TiO2	0
756.0	2.32562	-6.29223	6.74893	O	1.52	TiO2	0
757.0	-0.233296	-9.30459	6.83044	O	1.52	TiO2	0
758.0	2.0769	-4.07195	7.97048	O	1.52	TiO2	0
759.0	4.47197	-7.09534	8.2175	O	1.52	TiO2	0
760.0	0.857885	-7.31533	9.8073	Ti	1.96	TiO2	0
761.0	2.97324	-5.67538	11.4414	Ti	1.96	TiO2	0
762.0	2.35839	-6.15697	9.67524	O	1.52	TiO2	0
763.0	0.00498826	-8.93955	9.85273	O	1.52	TiO2	0
764.0	2.08638	-4.0336	10.8974	O	1.52	TiO2	0
765.0	4.69499	-7.18973	11.1108	O	1.52	TiO2	0
766.0	0.240656	-5.9596	12.7857	Ti	1.96	TiO2	0
767.0	1.8536	-4.87008	13.0694	O	1.52	TiO2	0
768.0	4.38122	-2.25512	13.8823	O	1.52	TiO2	0
769.0	0.980352	-3.16613	-13.9226	Ti	1.96	TiO2	0
770.0	3.4398	-1.18196	-12.4956	Ti	1.96	TiO2	0
771.0	2.34566	-4.41611	-14.4783	O	1.52	TiO2	0
772.0	-0.923751	-4.32549	-13.8793	O	1.52	TiO2	0
773.0	2.04884	0.293744	-12.1934	O	1.52	TiO2	0
774.0	4.11561	-3.09151	-12.4877	O	1.52	TiO2	0
775.0	0.96782	-3.18658	-10.8104	Ti	1.96	TiO2	0
776.0	3.35286	-1.08231	-9.32595	Ti	1.96	TiO2	0
777.0	2.45145	-1.94997	-10.8429	O	1.52	TiO2	0
778.0	-0.350271	-4.56053	-10.8082	O	1.52	TiO2	0
779.0	1.90489	0.175592	-9.40443	O	1.52	TiO2	0
780.0	4.61095	-2.4863	-9.58355	O	1.52	TiO2	0
781.0	1.01932	-3.32995	-7.94003	Ti	1.96	TiO2	0
782.0	3.34085	-1.06297	-6.43954	Ti	1.96	TiO2	0
783.0	2.3641	-1.97075	-7.86419	O	1.52	TiO2	0
784.0	-0.364664	-4.70089	-8.04675	O	1.52	TiO2	0
785.0	1.92747	0.224452	-6.44675	O	1.52	TiO2	0
786.0	4.67022	-2.48728	-6.59258	O	1.52	TiO2	0
787.0	1.00341	-3.30993	-5.09143	Ti	1.96	TiO2	0
788.0	3.44623	-1.02336	-3.64194	Ti	1.96	TiO2	0
789.0	2.3919	-1.93452	-5.00429	O	1.52	TiO2	0
790.0	-0.255517	-4.71105	-5.10989	O	1.52	TiO2	0
791.0	1.9322	0.314909	-3.65504	O	1.52	TiO2	0
792.0	4.71794	-2.40532	-3.62819	O	1.52	TiO2	0
793.0	1.07847	-3.25068	-2.23741	Ti	1.96	TiO2	0
794.0	3.3284	-1.10034	-0.745581	Ti	1.96	TiO2	0
795.0	2.47419	-1.99675	-2.26865	O	1.52	TiO2	0
796.0	-0.314911	-4.63212	-2.20059	O	1.52	TiO2	0
797.0	1.99825	0.303296	-0.789784	O	1.52	TiO2	0
798.0	4.64681	-2.51505	-0.731651	O	1.52	TiO2	0
799.0	1.09116	-3.39794	0.633797	Ti	1.96	TiO2	0
800.0	3.4027	-1.0939	2.14421	Ti	1.96	TiO2	0
801.0	2.50042	-1.98494	0.770449	O	1.52	TiO2	0
802.0	-0.23844	-4.69354	0.608793	O	1.52	TiO2	0
803.0	1.95952	0.271057	2.12282	O	1.52	TiO2	0
804.0	4.69402	-2.47983	2.22957	O	1.52	TiO2	0
805.0	1.20612	-3.35429	3.55904	Ti	1.96	TiO2	0
806.0	3.41554	-1.04843	5.01368	Ti	1.96	TiO2	0
807.0	2.48378	-2.01877	3.59508	O	1.52	TiO2	0
808.0	-0.153372	-4.67928	3.66398	O	1.52	TiO2	0
809.0	1.98456	0.256803	4.9423	O	1.52	TiO2	0
810.0	4.74026	-2.43307	5.20859	O	1.52	TiO2	0
811.0	1.11085	-3.40913	6.45308	Ti	1.96	TiO2	0
812.0	3.37812	-1.10503	7.84354	Ti	1.96	TiO2	0
813.0	2.46442	-2.00302	6.46797	O	1.52	TiO2	0
814.0	-0.235816	-4.73465	6.54579	O	1.52	TiO2	0
815.0	1.98974	0.213587	7.91681	O	1.52	TiO2	0
816.0	4.67584	-2.52399	8.08949	O	1.52	TiO2	0
817.0	1.07284	-3.25108	9.34795	Ti	1.96	TiO2	0
818.0	3.27785	-1.05125	10.7128	Ti	1.96	TiO2	0
819.0	2.41668	-1.94091	9.40312	O	1.52	TiO2	0
820.0	-0.127205	-4.76952	9.23837	O	1.52	TiO2	0
821.0	1.9295	0.291984	10.7292	O	1.52	TiO2	0
822.0	4.64169	-2.34956	10.909	O	1.52	TiO2	0
823.0	1.09845	-3.13553	12.3013	Ti	1.96	TiO2	0
824.0	3.09115	-0.987348	13.7209	Ti	1.96	TiO2	0
825.0	4.21693	-0.0938395	12.347	O	1.52	TiO2	0
826.0	-0.346541	-4.14264	12.6582	O	1.52	TiO2	0
827.0	2.17875	0.581177	13.7643	O	1.52	TiO2	0
828.0	1.20464	0.954922	-13.6918	Ti	1.96	TiO2	0
829.0	3.03576	3.27092	-12.4276	Ti	1.96	TiO2	0
830.0	2.28693	2.30277	-13.9176	O	1.52	TiO2	0
831.0	-0.0960178	-0.290807	-13.8465	O	1.52	TiO2	0
832.0	1.69272	4.51271	-12.375	O	1.52	TiO2	0
833.0	4.52303	2.09539	-12.3743	O	1.52	TiO2	0
834.0	1.04552	1.13202	-10.7634	Ti	1.96	TiO2	0
835.0	3.29282	3.44543	-9.46839	Ti	1.96	TiO2	0
836.0	2.30435	2.56567	-10.7292	O	1.52	TiO2	0
837.0	-0.389442	-0.165983	-10.9499	O	1.52	TiO2	0
838.0	1.97063	4.78006	-9.49758	O	1.52	TiO2	0
839.0	4.6097	2.05158	-9.43262	O	1.52	TiO2	0
840.0	1.13036	1.11701	-7.93484	Ti	1.96	TiO2	0
841.0	3.36859	3.43915	-6.50338	Ti	1.96	TiO2	0
842.0	2.44062	2.53142	-7.99429	O	1.52	TiO2	0
843.0	-0.3432	-0.210081	-7.98662	O	1.52	TiO2	0
844.0	2.02541	4.77133	-6.59827	O	1.52	TiO2	0
845.0	4.74034	2.1332	-6.51085	O	1.52	TiO2	0
846.0	0.995418	1.20514	-5.06933	Ti	1.96	TiO2	0
847.0	3.3502	3.3972	-3.58093	Ti	1.96	TiO2	0
848.0	2.48901	2.44788	-5.03394	O	1.52	TiO2	0
849.0	-0.264636	-0.183221	-5.08961	O	1.52	TiO2	0
850.0	1.98873	4.74806	-3.60094	O	1.52	TiO2	0
851.0	4.7203	2.06537	-3.64514	O	1.52	TiO2	0
852.0	1.05455	1.26751	-2.21538	Ti	1.96	TiO2	0
853.0	3.37859	3.35207	-0.71897	Ti	1.96	TiO2	0
854.0	2.39974	2.55562	-2.15858	O	1.52	TiO2	0
855.0	-0.31634	-0.0748213	-2.21996	O	1.52	TiO2	0
856.0	2.00733	4.68415	-0.734874	O	1.52	TiO2	0
857.0	4.73001	2.01681	-0.761089	O	1.52	TiO2	0
858.0	1.12732	1.18082	0.669363	Ti	1.96	TiO2	0
859.0	3.48445	3.36943	2.12738	Ti	1.96	TiO2	0
860.0	2.49124	2.42559	0.783256	O	1.52	TiO2	0
861.0	-0.217484	-0.220171	0.744937	O	1.52	TiO2	0
862.0	2.06217	4.68506	2.14904	O	1.52	TiO2	0
863.0	4.88544	2.07741	2.22005	O	1.52	TiO2	0
864.0	1.08913	1.24829	3.51443	Ti	1.96	TiO2	0
865.0	3.52006	3.37416	5.02111	Ti	1.96	TiO2	0
866.0	2.60503	2.45665	3.58057	O	1.52	TiO2	0
867.0	-0.171669	-0.182716	3.55441	O	1.52	TiO2	0
868.0	2.11275	4.77755	5.05549	O	1.52	TiO2	0
869.0	4.77312	1.96897	5.044	O	1.52	TiO2	0
870.0	1.15671	1.1458	6.39931	Ti	1.96	TiO2	0
871.0	3.48471	3.5405	7.89863	Ti	1.96	TiO2	0
872.0	2.52458	2.6382	6.52739	O	1.52	TiO2	0
873.0	-0.285325	-0.078194	6.50144	O	1.52	TiO2	0
874.0	1.98727	4.72374	8.01511	O	1.52	TiO2	0
875.0	4.76054	2.01679	7.96301	O	1.52	TiO2	0
876.0	1.08603	1.2041	9.2905	Ti	1.96	TiO2	0
877.0	3.30178	3.28496	10.7655	Ti	1.96	TiO2	0
878.0	2.46743	2.51442	9.33049	O	1.52	TiO2	0
879.0	-0.323568	-0.104331	9.35921	O	1.52	TiO2	0
880.0	2.00809	4.69719	10.8075	O	1.52	TiO2	0
881.0	4.68096	1.94618	10.7721	O	1.52	TiO2	0
882.0	0.929437	1.03711	12.2914	Ti	1.96	TiO2	0
883.0	2.67735	2.69468	13.9149	Ti	1.96	TiO2	0
884.0	2.21357	2.44759	12.128	O	1.52	TiO2	0
885.0	-0.267571	-0.312984	12.4259	O	1.52	TiO2	0
886.0	-2.21032	4.95184	-12.3838	O	1.52	TiO2	0
887.0	1.07951	5.72525	-11.1004	Ti	1.96	TiO2	0
888.0	3.26337	7.72637	-9.5515	Ti	1.96	TiO2	0
889.0	2.58877	6.84127	-11.0088	O	1.52	TiO2	0
890.0	-0.309098	4.31247	-10.8067	O	1.52	TiO2	0
891.0	1.98931	9.14007	-9.48348	O	1.52	TiO2	0
892.0	4.81514	6.42945	-9.50198	O	1.52	TiO2	0
893.0	1.11487	5.67088	-8.03008	Ti	1.96	TiO2	0
894.0	3.42875	7.80511	-6.60682	Ti	1.96	TiO2	0
895.0	2.60754	6.85879	-8.05799	O	1.52	TiO2	0
896.0	-0.308215	4.30624	-7.93272	O	1.52	TiO2	0
897.0	2.17318	9.19275	-6.56752	O	1.52	TiO2	0
898.0	4.91003	6.60464	-6.44606	O	1.52	TiO2	0
899.0	1.135	5.5908	-5.05578	Ti	1.96	TiO2	0
900.0	3.52613	7.81811	-3.69383	Ti	1.96	TiO2	0
901.0	2.56007	6.92295	-5.17358	O	1.52	TiO2	0
902.0	-0.272205	4.23645	-5.12245	O	1.52	TiO2	0
903.0	2.12154	9.19084	-3.62396	O	1.52	TiO2	0
904.0	4.83351	6.49043	-3.72796	O	1.52	TiO2	0
905.0	1.1585	5.69023	-2.14623	Ti	1.96	TiO2	0
906.0	3.51606	7.83196	-0.728993	Ti	1.96	TiO2	0
907.0	2.55357	6.91867	-2.14832	O	1.52	TiO2	0
908.0	-0.292501	4.32545	-2.23249	O	1.52	TiO2	0
909.0	2.07016	9.17195	-0.702394	O	1.52	TiO2	0
910.0	4.87655	6.46146	-0.740076	O	1.52	TiO2	0
911.0	1.17526	5.60718	0.742931	Ti	1.96	TiO2	0
912.0	3.50799	7.72435	2.19975	Ti	1.96	TiO2	0
913.0	2.55647	6.8764	0.712762	O	1.52	TiO2	0
914.0	-0.28648	4.28783	0.68113	O	1.52	TiO2	0
915.0	2.16453	9.17046	2.23225	O	1.52	TiO2	0
916.0	4.83076	6.36544	2.05996	O	1.52	TiO2	0
917.0	1.21844	5.61549	3.60604	Ti	1.96	TiO2	0
918.0	3.50568	7.83349	5.05244	Ti	1.96	TiO2	0
919.0	2.5369	6.91704	3.59812	O	1.52	TiO2	0
920.0	-0.155029	4.26793	3.65989	O	1.52	TiO2	0
921.0	2.14513	9.08713	5.18869	O	1.52	TiO2	0
922.0	4.91527	6.53843	5.04597	O	1.52	TiO2	0
923.0	1.21597	5.69174	6.47041	Ti	1.96	TiO2	0
924.0	3.61771	7.79515	7.97535	Ti	1.96	TiO2	0
925.0	2.62823	6.92711	6.54225	O	1.52	TiO2	0
926.0	-0.224088	4.31387	6.46193	O	1.52	TiO2	0
927.0	2.1837	9.07793	8.00252	O	1.52	TiO2	0
928.0	4.87168	6.41083	7.88438	O	1.52	TiO2	0
929.0	1.0864	5.58599	9.46238	Ti	1.96	TiO2	0
930.0	3.47614	7.59935	10.9965	Ti	1.96	TiO2	0
931.0	2.49266	6.8468	9.50255	O	1.52	TiO2	0
932.0	-0.150353	4.16654	9.54065	O	1.52	TiO2	0
933.0	2.26969	9.01408	10.9897	O	1.52	TiO2	0
934.0	4.96519	6.39737	11.205	O	1.52	TiO2	0
935.0	1.29006	5.36009	12.3878	Ti	1.96	TiO2	0
936.0	2.53867	6.72758	12.4093	O	1.52	TiO2	0
937.0	-0.24986	4.17943	12.2845	O	1.52	TiO2	0
938.0	-2.17702	7.03752	-10.6993	O	1.52	TiO2	0
939.0	1.13052	10.2398	-8.19742	Ti	1.96	TiO2	0
940.0	3.4246	12.1901	-6.41189	Ti	1.96	TiO2	0
941.0	2.56237	11.5866	-7.89739	O	1.52	TiO2	0
942.0	-0.266191	8.78997	-8.00956	O	1.52	TiO2	0
943.0	4.93336	10.9841	-6.70463	O	1.52	TiO2	0
944.0	1.2319	9.97097	-5.09766	Ti	1.96	TiO2	0
945.0	3.59096	12.357	-3.44202	Ti	1.96	TiO2	0
946.0	2.64617	11.379	-4.98146	O	1.52	TiO2	0
947.0	-0.0674436	8.64264	-5.11214	O	1.52	TiO2	0
948.0	4.04157	13.2395	-5.03026	O	1.52	TiO2	0
949.0	5.00244	10.9418	-3.6943	O	1.52	TiO2	0
950.0	1.20503	10.1237	-2.22323	Ti	1.96	TiO2	0
951.0	3.55875	12.3301	-0.629829	Ti	1.96	TiO2	0
952.0	2.57565	11.3934	-2.22791	O	1.52	TiO2	0
953.0	-0.177262	8.77325	-2.31008	O	1.52	TiO2	0
954.0	2.30178	13.6853	-0.745899	O	1.52	TiO2	0
955.0	4.719	10.7724	-0.802266	O	1.52	TiO2	0
956.0	1.16617	9.97495	0.790095	Ti	1.96	TiO2	0
957.0	3.7057	12.2806	2.60292	Ti	1.96	TiO2	0
958.0	2.21344	11.5945	0.587978	O	1.52	TiO2	0
959.0	-0.261112	8.69693	0.815809	O	1.52	TiO2	0
960.0	2.08253	13.2834	2.48303	O	1.52	TiO2	0
961.0	4.84551	10.8222	2.26755	O	1.52	TiO2	0
962.0	1.27949	9.96466	3.73262	Ti	1.96	TiO2	0
963.0	3.98257	11.9651	5.54914	Ti	1.96	TiO2	0
964.0	2.69322	11.2388	3.91173	O	1.52	TiO2	0
965.0	-0.25703	8.67951	3.66805	O	1.52	TiO2	0
966.0	5.08039	10.6066	4.90444	O	1.52	TiO2	0
967.0	1.19521	10.1405	6.72081	Ti	1.96	TiO2	0
968.0	2.45952	11.4868	6.61889	O	1.52	TiO2	0
969.0	-0.14103	8.60592	6.5901	O	1.52	TiO2	0
970.0	5.19632	11.6653	7.07362	O	1.52	TiO2	0
971.0	1.3761	9.64138	9.5136	Ti	1.96	TiO2	0
972.0	-0.176024	8.53839	9.71852	O	1.52	TiO2	0
973.0	-0.312903	13.1948	-5.47963	O	1.52	TiO2	0
974.0	-0.321916	12.9717	-2.24585	O	1.52	TiO2	0
975.0	1.43434	13.5185	0.841534	Ti	1.96	TiO2	0
976.0	-0.405917	13.1011	0.627307	O	1.52	TiO2	0
977.0	-0.71872	13.1553	3.62209	O	1.52	TiO2	0
978.0	4.42544	-9.01504	-11.0422	O	1.52	TiO2	0
979.0	8.21614	-8.8242	-5.3812	Ti	1.96	TiO2	0
980.0	6.57065	-8.5066	-6.53928	O	1.52	TiO2	0
981.0	6.10537	-11.6282	-5.19282	Ti	1.96	TiO2	0
982.0	9.75332	-8.17181	-2.40516	Ti	1.96	TiO2	0
983.0	7.56174	-10.5827	-5.61199	O	1.52	TiO2	0
984.0	6.67817	-8.43262	-3.92425	O	1.52	TiO2	0
985.0	5.87968	-12.3728	-2.34074	Ti	1.96	TiO2	0
986.0	7.91393	-10.0956	-0.625437	Ti	1.96	TiO2	0
987.0	7.17134	-10.9891	-2.00864	O	1.52	TiO2	0
988.0	6.53647	-12.9906	-3.96545	O	1.52	TiO2	0
989.0	6.59693	-8.70795	-0.80907	O	1.52	TiO2	0
990.0	5.43149	-12.3145	0.650542	Ti	1.96	TiO2	0
991.0	7.67468	-10.2446	2.32488	Ti	1.96	TiO2	0
992.0	6.87519	-11.0543	0.755244	O	1.52	TiO2	0
993.0	6.16018	-13.3134	-0.704528	O	1.52	TiO2	0
994.0	6.36414	-8.87708	2.28082	O	1.52	TiO2	0
995.0	3.67416	-12.7187	3.76763	Ti	1.96	TiO2	0
996.0	6.36483	-11.8535	5.00166	Ti	1.96	TiO2	0
997.0	6.97134	-11.6583	3.30505	O	1.52	TiO2	0
998.0	6.26023	-8.73622	5.30586	O	1.52	TiO2	0
999.0	5.38242	-13.3612	4.24491	O	1.52	TiO2	0
1000.0	6.24224	-8.82885	8.06697	O	1.52	TiO2	0
1001.0	4.36743	-6.35421	-12.998	O	1.52	TiO2	0
1002.0	4.98417	-7.15882	-11.4346	Ti	1.96	TiO2	0
1003.0	7.78267	-5.56242	-9.70246	Ti	1.96	TiO2	0
1004.0	6.65318	-6.51669	-10.987	O	1.52	TiO2	0
1005.0	6.43573	-4.21309	-9.46789	O	1.52	TiO2	0
1006.0	5.62165	-7.69049	-8.01818	Ti	1.96	TiO2	0
1007.0	7.79548	-5.71058	-6.67795	Ti	1.96	TiO2	0
1008.0	7.00325	-6.49935	-8.2757	O	1.52	TiO2	0
1009.0	4.43035	-9.06976	-8.14414	O	1.52	TiO2	0
1010.0	6.34031	-4.31386	-6.70144	O	1.52	TiO2	0
1011.0	8.78699	-7.33845	-6.37338	O	1.52	TiO2	0
1012.0	5.4826	-7.66021	-5.1543	Ti	1.96	TiO2	0
1013.0	7.84779	-5.46284	-3.70399	Ti	1.96	TiO2	0
1014.0	6.79031	-6.29634	-5.13272	O	1.52	TiO2	0
1015.0	4.23744	-9.05572	-5.31612	O	1.52	TiO2	0
1016.0	6.46592	-4.1907	-3.61945	O	1.52	TiO2	0
1017.0	9.4923	-6.65179	-3.53441	O	1.52	TiO2	0
1018.0	5.73132	-7.81464	-2.26521	Ti	1.96	TiO2	0
1019.0	7.82394	-5.6266	-0.672014	Ti	1.96	TiO2	0
1020.0	7.07774	-6.48903	-2.29264	O	1.52	TiO2	0
1021.0	4.4127	-9.17401	-2.3218	O	1.52	TiO2	0
1022.0	6.37426	-4.35331	-0.690811	O	1.52	TiO2	0
1023.0	9.18513	-7.20644	-0.745954	O	1.52	TiO2	0
1024.0	5.55065	-7.92435	0.689194	Ti	1.96	TiO2	0
1025.0	7.57074	-5.73849	2.33159	Ti	1.96	TiO2	0
1026.0	6.80704	-6.50169	0.714477	O	1.52	TiO2	0
1027.0	4.29843	-9.2515	0.638519	O	1.52	TiO2	0
1028.0	6.36843	-4.3195	2.25647	O	1.52	TiO2	0
1029.0	8.70992	-7.28745	2.33467	O	1.52	TiO2	0
1030.0	5.45808	-7.97857	3.8196	Ti	1.96	TiO2	0
1031.0	7.65954	-5.70908	5.30212	Ti	1.96	TiO2	0
1032.0	6.55747	-6.46894	3.79914	O	1.52	TiO2	0
1033.0	4.06891	-9.19003	3.76684	O	1.52	TiO2	0
1034.0	6.38063	-4.31928	5.19239	O	1.52	TiO2	0
1035.0	8.5358	-7.36208	5.12298	O	1.52	TiO2	0
1036.0	5.25851	-7.99661	6.71227	Ti	1.96	TiO2	0
1037.0	7.75025	-6.10412	8.21591	Ti	1.96	TiO2	0
1038.0	6.63858	-6.54197	6.74185	O	1.52	TiO2	0
1039.0	3.91886	-9.35807	6.83727	O	1.52	TiO2	0
1040.0	6.46933	-4.23633	8.17712	O	1.52	TiO2	0
1041.0	8.70331	-7.65613	7.57712	O	1.52	TiO2	0
1042.0	5.28715	-8.26848	9.62309	Ti	1.96	TiO2	0
1043.0	5.95884	-5.75255	10.9824	Ti	1.96	TiO2	0
1044.0	6.6641	-6.9141	9.75413	O	1.52	TiO2	0
1045.0	3.99777	-9.69092	9.61824	O	1.52	TiO2	0
1046.0	6.47112	-3.95299	11.2044	O	1.52	TiO2	0
1047.0	6.69085	-1.13209	-12.9826	Ti	1.96	TiO2	0
1048.0	5.01958	-0.969201	-13.6092	O	1.52	TiO2	0
1049.0	5.3422	-3.44255	-10.9985	Ti	1.96	TiO2	0
1050.0	8.07772	-0.168806	-9.8997	Ti	1.96	TiO2	0
1051.0	6.61865	-2.55538	-11.9747	O	1.52	TiO2	0
1052.0	4.26142	-4.92635	-10.9315	O	1.52	TiO2	0
1053.0	6.36702	0.379831	-9.45936	O	1.52	TiO2	0
1054.0	8.7437	-1.87396	-9.9121	O	1.52	TiO2	0
1055.0	5.53294	-3.28039	-8.07631	Ti	1.96	TiO2	0
1056.0	7.73921	-1.04689	-6.66269	Ti	1.96	TiO2	0
1057.0	6.76339	-1.83339	-8.10721	O	1.52	TiO2	0
1058.0	4.17267	-4.70721	-8.15891	O	1.52	TiO2	0
1059.0	6.32605	0.288977	-6.57385	O	1.52	TiO2	0
1060.0	9.0038	-2.48289	-6.87157	O	1.52	TiO2	0
1061.0	5.62791	-3.38326	-5.08117	Ti	1.96	TiO2	0
1062.0	7.82015	-1.15174	-3.62252	Ti	1.96	TiO2	0
1063.0	6.9409	-2.08673	-5.1176	O	1.52	TiO2	0
1064.0	4.19193	-4.67123	-5.1796	O	1.52	TiO2	0
1065.0	6.47684	0.196808	-3.62576	O	1.52	TiO2	0
1066.0	9.08103	-2.56272	-3.63108	O	1.52	TiO2	0
1067.0	5.55635	-3.37909	-2.16109	Ti	1.96	TiO2	0
1068.0	7.79663	-1.14527	-0.654111	Ti	1.96	TiO2	0
1069.0	6.91544	-2.04275	-2.12247	O	1.52	TiO2	0
1070.0	4.1273	-4.64587	-2.21242	O	1.52	TiO2	0
1071.0	6.45037	0.284919	-0.69834	O	1.52	TiO2	0
1072.0	9.17923	-2.60279	-0.780675	O	1.52	TiO2	0
1073.0	5.50109	-3.36246	0.708234	Ti	1.96	TiO2	0
1074.0	7.83576	-1.22159	2.19766	Ti	1.96	TiO2	0
1075.0	6.90374	-2.12968	0.776111	O	1.52	TiO2	0
1076.0	4.17335	-4.76415	0.811752	O	1.52	TiO2	0
1077.0	6.4703	0.137864	2.14066	O	1.52	TiO2	0
1078.0	9.04336	-2.78055	2.11119	O	1.52	TiO2	0
1079.0	5.56973	-3.40588	3.75724	Ti	1.96	TiO2	0
1080.0	7.92579	-1.19718	5.1648	Ti	1.96	TiO2	0
1081.0	7.0261	-2.12421	3.71452	O	1.52	TiO2	0
1082.0	4.16079	-4.77164	3.67416	O	1.52	TiO2	0
1083.0	6.59884	0.172192	5.09164	O	1.52	TiO2	0
1084.0	9.08567	-2.77538	5.19589	O	1.52	TiO2	0
1085.0	5.63148	-3.44243	6.64872	Ti	1.96	TiO2	0
1086.0	7.95914	-1.02599	8.02622	Ti	1.96	TiO2	0
1087.0	6.97525	-2.09864	6.65247	O	1.52	TiO2	0
1088.0	4.26417	-4.72883	6.63413	O	1.52	TiO2	0
1089.0	6.57199	0.215523	7.87454	O	1.52	TiO2	0
1090.0	9.06064	-2.61234	8.11923	O	1.52	TiO2	0
1091.0	5.64098	-3.31413	9.55061	Ti	1.96	TiO2	0
1092.0	7.74453	-0.918027	11.0649	Ti	1.96	TiO2	0
1093.0	6.94721	-1.83194	9.61323	O	1.52	TiO2	0
1094.0	4.56715	-4.88378	9.72672	O	1.52	TiO2	0
1095.0	6.56717	0.544012	11.2061	O	1.52	TiO2	0
1096.0	9.12157	-2.32719	11.0418	O	1.52	TiO2	0
1097.0	5.45144	-2.93119	12.554	Ti	1.96	TiO2	0
1098.0	6.81988	-1.71255	12.4954	O	1.52	TiO2	0
1099.0	4.52658	-4.88627	12.2671	O	1.52	TiO2	0
1100.0	2.13712	-1.67619	-13.8411	O	1.52	TiO2	0
1101.0	5.43865	1.28923	-10.9419	Ti	1.96	TiO2	0
1102.0	7.83501	3.08807	-9.5317	Ti	1.96	TiO2	0
1103.0	6.84814	2.55236	-11.0061	O	1.52	TiO2	0
1104.0	4.36816	-0.328466	-11.061	O	1.52	TiO2	0
1105.0	6.56763	4.63291	-9.41553	O	1.52	TiO2	0
1106.0	9.07733	1.4839	-9.65145	O	1.52	TiO2	0
1107.0	5.45606	1.17451	-7.96066	Ti	1.96	TiO2	0
1108.0	7.83265	3.16098	-6.56114	Ti	1.96	TiO2	0
1109.0	6.96968	2.42395	-8.05689	O	1.52	TiO2	0
1110.0	4.1381	-0.134873	-7.89533	O	1.52	TiO2	0
1111.0	6.50571	4.64329	-6.68917	O	1.52	TiO2	0
1112.0	9.32608	2.00153	-6.67698	O	1.52	TiO2	0
1113.0	5.56445	1.16951	-5.04171	Ti	1.96	TiO2	0
1114.0	7.90144	3.32793	-3.62622	Ti	1.96	TiO2	0
1115.0	7.06746	2.40235	-5.06114	O	1.52	TiO2	0
1116.0	4.28191	-0.193591	-5.10342	O	1.52	TiO2	0
1117.0	6.49162	4.5969	-3.56645	O	1.52	TiO2	0
1118.0	9.13979	1.91363	-3.65216	O	1.52	TiO2	0
1119.0	5.6333	1.16787	-2.1386	Ti	1.96	TiO2	0
1120.0	8.03729	3.32147	-0.793792	Ti	1.96	TiO2	0
1121.0	7.05262	2.44118	-2.18985	O	1.52	TiO2	0
1122.0	4.30519	-0.252596	-2.1639	O	1.52	TiO2	0
1123.0	6.61921	4.58069	-0.866833	O	1.52	TiO2	0
1124.0	9.35276	1.97992	-0.75826	O	1.52	TiO2	0
1125.0	5.61052	1.17846	0.73343	Ti	1.96	TiO2	0
1126.0	7.91874	3.268	2.14503	Ti	1.96	TiO2	0
1127.0	6.98858	2.43407	0.638824	O	1.52	TiO2	0
1128.0	4.1959	-0.251827	0.673999	O	1.52	TiO2	0
1129.0	6.58229	4.62511	2.15482	O	1.52	TiO2	0
1130.0	9.34944	1.8775	2.07353	O	1.52	TiO2	0
1131.0	5.83123	1.15154	3.65916	Ti	1.96	TiO2	0
1132.0	8.19756	3.33003	5.09708	Ti	1.96	TiO2	0
1133.0	7.29605	2.32738	3.6858	O	1.52	TiO2	0
1134.0	4.40236	-0.251089	3.59484	O	1.52	TiO2	0
1135.0	6.59338	4.57981	4.99777	O	1.52	TiO2	0
1136.0	9.3245	1.84256	5.13576	O	1.52	TiO2	0
1137.0	5.66204	1.17832	6.45451	Ti	1.96	TiO2	0
1138.0	7.8538	3.30738	7.93002	Ti	1.96	TiO2	0
1139.0	7.07399	2.50056	6.44978	O	1.52	TiO2	0
1140.0	4.17951	-0.0661444	6.45767	O	1.52	TiO2	0
1141.0	6.49668	4.59384	8.04644	O	1.52	TiO2	0
1142.0	9.12829	1.92696	7.82146	O	1.52	TiO2	0
1143.0	5.63703	1.04123	9.36364	Ti	1.96	TiO2	0
1144.0	7.77156	3.10224	10.9895	Ti	1.96	TiO2	0
1145.0	7.00919	2.29308	9.47181	O	1.52	TiO2	0
1146.0	4.31206	-0.217454	9.3545	O	1.52	TiO2	0
1147.0	6.77651	4.74231	10.7335	O	1.52	TiO2	0
1148.0	9.00694	1.72708	11.3568	O	1.52	TiO2	0
1149.0	5.35771	1.44096	12.3333	Ti	1.96	TiO2	0
1150.0	6.47149	3.04808	12.3741	O	1.52	TiO2	0
1151.0	4.34025	1.91262	13.8702	O	1.52	TiO2	0
1152.0	5.70323	5.51861	-10.8461	Ti	1.96	TiO2	0
1153.0	7.90013	7.71902	-9.59176	Ti	1.96	TiO2	0
1154.0	4.23592	4.23544	-11.1059	O	1.52	TiO2	0
1155.0	5.62695	5.6557	-7.97641	Ti	1.96	TiO2	0
1156.0	8.12398	7.91896	-6.66777	Ti	1.96	TiO2	0
1157.0	7.03758	6.93109	-7.94714	O	1.52	TiO2	0
1158.0	4.21332	4.35758	-8.01419	O	1.52	TiO2	0
1159.0	6.52467	9.10793	-9.62225	O	1.52	TiO2	0
1160.0	8.77879	8.65679	-8.2796	O	1.52	TiO2	0
1161.0	5.7295	5.55739	-5.1087	Ti	1.96	TiO2	0
1162.0	8.07945	7.80305	-3.68747	Ti	1.96	TiO2	0
1163.0	7.20788	6.78958	-5.15935	O	1.52	TiO2	0
1164.0	4.23434	4.31006	-5.0807	O	1.52	TiO2	0
1165.0	6.65049	9.06013	-3.86774	O	1.52	TiO2	0
1166.0	9.47636	6.55244	-3.60828	O	1.52	TiO2	0
1167.0	5.69623	5.59847	-2.19507	Ti	1.96	TiO2	0
1168.0	8.05051	7.74539	-0.817926	Ti	1.96	TiO2	0
1169.0	7.14214	6.93434	-2.28195	O	1.52	TiO2	0
1170.0	4.27294	4.3128	-2.13313	O	1.52	TiO2	0
1171.0	6.66955	9.08152	-0.849372	O	1.52	TiO2	0
1172.0	9.32949	6.34452	-0.861025	O	1.52	TiO2	0
1173.0	5.69737	5.47815	0.626438	Ti	1.96	TiO2	0
1174.0	8.09296	7.49367	2.01153	Ti	1.96	TiO2	0
1175.0	7.22562	6.73038	0.535406	O	1.52	TiO2	0
1176.0	4.33668	4.15616	0.621705	O	1.52	TiO2	0
1177.0	6.56528	8.80374	1.94151	O	1.52	TiO2	0
1178.0	9.5583	6.30012	2.21529	O	1.52	TiO2	0
1179.0	5.77245	5.61558	3.5773	Ti	1.96	TiO2	0
1180.0	8.46689	7.9117	4.93588	Ti	1.96	TiO2	0
1181.0	7.36558	6.88873	3.62438	O	1.52	TiO2	0
1182.0	4.32422	4.28614	3.61789	O	1.52	TiO2	0
1183.0	7.11306	9.30077	4.97198	O	1.52	TiO2	0
1184.0	9.86168	6.52864	4.9994	O	1.52	TiO2	0
1185.0	5.957	5.65146	6.47816	Ti	1.96	TiO2	0
1186.0	8.28138	7.98174	7.92212	Ti	1.96	TiO2	0
1187.0	7.42601	6.92498	6.51443	O	1.52	TiO2	0
1188.0	4.41084	4.2659	6.47779	O	1.52	TiO2	0
1189.0	7.11718	9.48558	7.78776	O	1.52	TiO2	0
1190.0	9.47319	6.57547	8.17631	O	1.52	TiO2	0
1191.0	5.89119	5.7743	9.34568	Ti	1.96	TiO2	0
1192.0	7.11887	7.12195	9.1113	O	1.52	TiO2	0
1193.0	4.39122	4.35118	9.64863	O	1.52	TiO2	0
1194.0	5.61749	4.89643	12.1764	Ti	1.96	TiO2	0
1195.0	4.03357	3.98847	12.4126	O	1.52	TiO2	0
1196.0	7.03572	6.70241	-10.9385	O	1.52	TiO2	0
1197.0	5.71023	9.95497	-8.22144	Ti	1.96	TiO2	0
1198.0	4.34035	8.65116	-8.13687	O	1.52	TiO2	0
1199.0	5.74175	10.0553	-5.19007	Ti	1.96	TiO2	0
1200.0	6.76542	9.42896	-6.70331	O	1.52	TiO2	0
1201.0	4.41532	8.72995	-5.16185	O	1.52	TiO2	0
1202.0	5.83274	9.98125	-2.28133	Ti	1.96	TiO2	0
1203.0	7.85009	12.3982	-0.646062	Ti	1.96	TiO2	0
1204.0	7.29703	11.1489	-2.13842	O	1.52	TiO2	0
1205.0	4.42885	8.63931	-2.25942	O	1.52	TiO2	0
1206.0	9.31974	12.556	-1.86641	O	1.52	TiO2	0
1207.0	5.73531	10.0495	0.629504	Ti	1.96	TiO2	0
1208.0	6.61762	11.6703	0.467708	O	1.52	TiO2	0
1209.0	4.33994	8.61221	0.742962	O	1.52	TiO2	0
1210.0	8.96111	11.019	0.064167	O	1.52	TiO2	0
1211.0	6.10201	9.87153	3.47983	Ti	1.96	TiO2	0
1212.0	7.71487	10.7857	2.83423	O	1.52	TiO2	0
1213.0	4.47327	8.62147	3.61937	O	1.52	TiO2	0
1214.0	5.95939	9.97706	6.46199	Ti	1.96	TiO2	0
1215.0	4.48431	8.74942	6.50554	O	1.52	TiO2	0
1216.0	4.35358	8.41338	9.53281	O	1.52	TiO2	0
1217.0	4.59107	13.1062	-2.07569	O	1.52	TiO2	0
1218.0	4.06242	13.0842	0.972429	O	1.52	TiO2	0
1219.0	4.36455	13.1325	4.14774	O	1.52	TiO2	0
1220.0	11.4154	-7.16539	-2.23813	O	1.52	TiO2	0
1221.0	11.3809	-6.83429	0.714725	O	1.52	TiO2	0
1222.0	10.709	-8.84033	2.36994	O	1.52	TiO2	0
1223.0	8.70706	-4.70785	-7.98721	O	1.52	TiO2	0
1224.0	11.4184	-6.0949	-3.84136	Ti	1.96	TiO2	0
1225.0	13.9079	-4.4307	-3.63528	Ti	1.96	TiO2	0
1226.0	12.9702	-5.76986	-4.66721	O	1.52	TiO2	0
1227.0	9.65084	-8.85134	-4.18833	O	1.52	TiO2	0
1228.0	10.6859	-4.44304	-3.92635	O	1.52	TiO2	0
1229.0	12.0595	-6.08608	-0.806137	Ti	1.96	TiO2	0
1230.0	14.2587	-4.52812	-0.627005	Ti	1.96	TiO2	0
1231.0	12.6038	-4.99483	-2.34283	O	1.52	TiO2	0
1232.0	9.46567	-9.65184	-1.39719	O	1.52	TiO2	0
1233.0	10.8598	-4.61007	-0.677425	O	1.52	TiO2	0
1234.0	9.82273	-7.96117	1.05496	Ti	1.96	TiO2	0
1235.0	12.1942	-5.7684	2.23611	Ti	1.96	TiO2	0
1236.0	10.8341	-6.60091	3.35077	O	1.52	TiO2	0
1237.0	8.57193	-9.40779	0.903119	O	1.52	TiO2	0
1238.0	10.9425	-4.31685	2.27229	O	1.52	TiO2	0
1239.0	9.78678	-8.10603	3.89995	Ti	1.96	TiO2	0
1240.0	11.6662	-6.33946	5.15031	Ti	1.96	TiO2	0
1241.0	11.0257	-8.06309	5.31453	O	1.52	TiO2	0
1242.0	8.51226	-9.5955	3.88336	O	1.52	TiO2	0
1243.0	10.7576	-4.75273	5.18016	O	1.52	TiO2	0
1244.0	7.97875	-8.93172	6.1386	Ti	1.96	TiO2	0
1245.0	7.53909	-10.7918	6.06044	O	1.52	TiO2	0
1246.0	10.5203	-4.41574	8.37391	O	1.52	TiO2	0
1247.0	11.345	-0.464911	-8.64909	O	1.52	TiO2	0
1248.0	9.46531	-3.16479	-8.77514	Ti	1.96	TiO2	0
1249.0	11.8578	-1.35734	-6.99518	Ti	1.96	TiO2	0
1250.0	11.1284	-2.81085	-7.9618	O	1.52	TiO2	0
1251.0	9.16456	-4.53272	-10.3188	O	1.52	TiO2	0
1252.0	10.7367	0.0577411	-6.47134	O	1.52	TiO2	0
1253.0	9.78663	-3.21585	-5.25819	Ti	1.96	TiO2	0
1254.0	12.4055	-1.17714	-3.93194	Ti	1.96	TiO2	0
1255.0	11.195	-2.17894	-5.41895	O	1.52	TiO2	0
1256.0	8.62564	-4.70565	-5.30203	O	1.52	TiO2	0
1257.0	10.8154	-0.108363	-3.7664	O	1.52	TiO2	0
1258.0	13.4865	-2.72169	-4.15573	O	1.52	TiO2	0
1259.0	10.0854	-3.55266	-2.23735	Ti	1.96	TiO2	0
1260.0	12.3168	-1.47234	-0.844527	Ti	1.96	TiO2	0
1261.0	11.4415	-2.26396	-2.39172	O	1.52	TiO2	0
1262.0	8.67928	-4.71767	-2.12694	O	1.52	TiO2	0
1263.0	10.957	-0.0981079	-0.817655	O	1.52	TiO2	0
1264.0	13.6006	-2.83664	-0.783574	O	1.52	TiO2	0
1265.0	10.0095	-3.60211	0.691282	Ti	1.96	TiO2	0
1266.0	12.201	-1.40163	2.12753	Ti	1.96	TiO2	0
1267.0	11.3453	-2.27519	0.651539	O	1.52	TiO2	0
1268.0	8.79631	-5.11661	0.894298	O	1.52	TiO2	0
1269.0	11.1313	0.113875	2.1831	O	1.52	TiO2	0
1270.0	13.074	-4.82651	0.854336	O	1.52	TiO2	0
1271.0	9.84124	-3.631	3.70747	Ti	1.96	TiO2	0
1272.0	12.1455	-1.38167	5.15029	Ti	1.96	TiO2	0
1273.0	11.1118	-2.2494	3.6598	O	1.52	TiO2	0
1274.0	8.54628	-4.96354	3.75012	O	1.52	TiO2	0
1275.0	11.1108	0.0586845	5.15918	O	1.52	TiO2	0
1276.0	9.99528	-3.61531	6.77316	Ti	1.96	TiO2	0
1277.0	11.3776	-2.42459	6.4719	O	1.52	TiO2	0
1278.0	8.69313	-4.99306	6.70174	O	1.52	TiO2	0
1279.0	10.9116	0.50495	8.41087	O	1.52	TiO2	0
1280.0	9.4363	-3.5575	9.70913	Ti	1.96	TiO2	0
1281.0	8.30685	-5.06142	9.70614	O	1.52	TiO2	0
1282.0	7.20044	0.0483905	-11.6976	O	1.52	TiO2	0
1283.0	10.1502	0.931453	-8.14838	Ti	1.96	TiO2	0
1284.0	12.1791	3.17648	-6.49332	Ti	1.96	TiO2	0
1285.0	11.4601	2.39036	-7.96426	O	1.52	TiO2	0
1286.0	8.61451	-0.155544	-8.04009	O	1.52	TiO2	0
1287.0	11.0997	4.76023	-6.74945	O	1.52	TiO2	0
1288.0	10.0455	1.03363	-5.08279	Ti	1.96	TiO2	0
1289.0	12.421	3.48252	-3.59193	Ti	1.96	TiO2	0
1290.0	11.3835	2.35333	-5.02284	O	1.52	TiO2	0
1291.0	8.6	-0.233867	-5.14255	O	1.52	TiO2	0
1292.0	11.0144	4.72394	-3.69059	O	1.52	TiO2	0
1293.0	13.2087	4.04338	-5.28515	O	1.52	TiO2	0
1294.0	10.2135	1.00184	-2.22726	Ti	1.96	TiO2	0
1295.0	12.824	3.54366	-0.551137	Ti	1.96	TiO2	0
1296.0	11.5515	2.354	-2.44837	O	1.52	TiO2	0
1297.0	8.66776	-0.252479	-2.11032	O	1.52	TiO2	0
1298.0	11.0954	4.46347	-0.744297	O	1.52	TiO2	0
1299.0	14.2058	2.28957	-0.697078	O	1.52	TiO2	0
1300.0	10.2992	0.927892	0.68633	Ti	1.96	TiO2	0
1301.0	13.0802	3.3551	2.98661	Ti	1.96	TiO2	0
1302.0	12.016	1.89962	0.351935	O	1.52	TiO2	0
1303.0	8.69041	-0.317218	0.67441	O	1.52	TiO2	0
1304.0	11.0594	4.22823	2.0346	O	1.52	TiO2	0
1305.0	13.7056	1.61002	2.46934	O	1.52	TiO2	0
1306.0	10.2989	1.13218	3.62976	Ti	1.96	TiO2	0
1307.0	12.306	3.73266	5.56602	Ti	1.96	TiO2	0
1308.0	11.6791	2.43246	3.96835	O	1.52	TiO2	0
1309.0	8.84125	-0.311365	3.60278	O	1.52	TiO2	0
1310.0	10.3984	4.21028	5.31429	O	1.52	TiO2	0
1311.0	10.3403	1.01705	6.59648	Ti	1.96	TiO2	0
1312.0	11.623	2.36129	6.70855	O	1.52	TiO2	0
1313.0	8.95185	-0.407103	6.53784	O	1.52	TiO2	0
1314.0	11.9484	5.1325	6.80107	O	1.52	TiO2	0
1315.0	9.75128	1.45887	9.512	Ti	1.96	TiO2	0
1316.0	8.56296	-0.0602792	9.6009	O	1.52	TiO2	0
1317.0	9.28025	6.38963	-9.53652	O	1.52	TiO2	0
1318.0	9.978	5.52937	-8.04738	Ti	1.96	TiO2	0
1319.0	8.84368	3.99317	-8.17396	O	1.52	TiO2	0
1320.0	10.1011	5.51723	-5.04591	Ti	1.96	TiO2	0
1321.0	9.5089	6.57177	-6.60817	O	1.52	TiO2	0
1322.0	8.77247	4.22228	-5.29703	O	1.52	TiO2	0
1323.0	10.3941	5.66881	-2.18817	Ti	1.96	TiO2	0
1324.0	11.4475	8.54415	-0.191212	Ti	1.96	TiO2	0
1325.0	11.4548	7.25735	-1.76642	O	1.52	TiO2	0
1326.0	8.87249	4.28214	-2.27959	O	1.52	TiO2	0
1327.0	11.2357	9.98304	-1.32102	O	1.52	TiO2	0
1328.0	10.3065	5.40215	0.688206	Ti	1.96	TiO2	0
1329.0	11.366	6.9712	0.760326	O	1.52	TiO2	0
1330.0	8.7782	4.21243	0.730272	O	1.52	TiO2	0
1331.0	11.0712	9.77992	1.25178	O	1.52	TiO2	0
1332.0	10.4499	5.24637	3.60222	Ti	1.96	TiO2	0
1333.0	12.3306	4.94532	3.92452	O	1.52	TiO2	0
1334.0	8.84216	4.26055	3.46301	O	1.52	TiO2	0
1335.0	10.1622	5.60429	6.66866	Ti	1.96	TiO2	0
1336.0	8.57919	4.47505	6.73929	O	1.52	TiO2	0
1337.0	9.06744	3.39488	9.65188	O	1.52	TiO2	0
1338.0	8.88315	8.68683	-5.18905	O	1.52	TiO2	0
1339.0	9.59265	10.6763	-1.83112	Ti	1.96	TiO2	0
1340.0	8.90252	8.88461	-2.13534	O	1.52	TiO2	0
1341.0	9.37328	10.1454	1.87095	Ti	1.96	TiO2	0
1342.0	8.85713	8.61565	0.622123	O	1.52	TiO2	0
1343.0	9.1365	8.73392	3.17258	O	1.52	TiO2	0
1344.0	9.28876	8.72976	6.52834	O	1.52	TiO2	0
1345.0	15.1179	-4.64088	-2.33295	O	1.52	TiO2	0
1346.0	13.8821	-6.47519	-0.639624	O	1.52	TiO2	0
1347.0	13.0685	-5.91896	3.96301	O	1.52	TiO2	0
1348.0	12.9964	-0.61284	-5.70737	O	1.52	TiO2	0
1349.0	13.0458	-0.461542	-2.32712	O	1.52	TiO2	0
1350.0	13.7703	1.15504	0.734443	Ti	1.96	TiO2	0
1351.0	13.1245	-0.530033	0.764402	O	1.52	TiO2	0
1352.0	13.2738	-1.32007	3.65661	O	1.52	TiO2	0
1353.0	13.1385	4.33558	-2.2167	O	1.52	TiO2	0
1354.0	13.5165	3.87344	1.14295	O	1.52	TiO2	0
1355.0	13.9753	3.32508	4.7243	O	1.52	TiO2	0
