1 2 -1.098 -12.9781 -2.69465 -3.37988 -0.255836 6.99697 -5.01459
2 1 2.196 -13.2615 -1.61204 -1.78074 3.0879 -3.28254 -2.8622
3 2 -1.098 -13.371 -3.34554 -0.869577 1.69444 -0.305911 -3.26388
4 2 -1.098 -13.2465 -2.95286 2.41226 -3.8877 4.91296 1.21546
5 2 -1.098 -13.1837 -3.157 5.47867 -0.637478 -1.53419 -2.2229
6 2 -1.098 -12.9928 2.09612 -3.97534 -1.44604 -2.50723 1.9932
7 2 -1.098 -13.118 1.86618 -0.620018 -0.10762 0.973824 0.297415
8 2 -1.098 -12.0136 4.14682 2.02206 -3.98533 1.62396 -5.68005
9 2 -1.098 -13.272 0.590307 5.36787 1.86758 1.17788 3.19319
10 1 2.196 -10.0118 -10.0864 -0.358866 -0.498741 1.85152 -6.05923
11 2 -1.098 -11.3643 -9.39565 0.562771 4.60065 13.0253 9.06955
12 2 -1.098 -9.29288 -11.6023 0.52796 -2.33703 -2.1145 1.19652
13 1 2.196 -9.91141 -10.2117 4.64685 1.20957 3.0381 0.775591
14 2 -1.098 -11.3026 -9.59218 3.5147 2.98505 -1.11978 -0.474719
15 2 -1.098 -9.46641 -11.6044 3.53105 2.18995 10.4922 1.65853
16 2 -1.098 -6.86382 -6.89543 -10.4016 -5.61984 5.47231 1.46326
17 1 2.196 -9.87502 -5.84764 -6.79555 -1.22238 -0.371853 4.74254
18 2 -1.098 -11.4374 -4.90844 -6.0338 -2.16942 7.39833 3.64958
19 2 -1.098 -9.3516 -4.4669 -7.9278 -1.71128 -1.9569 5.80845
20 1 2.196 -9.89092 -5.63475 -3.61655 -0.221027 -0.55136 -1.03774
21 2 -1.098 -9.58835 -7.34899 -5.71577 0.718805 -3.18295 -5.9782
22 2 -1.098 -10.8719 -4.02458 -3.58379 2.84376 2.14463 -3.00737
23 2 -1.098 -8.66314 -7.01001 -3.41244 -0.923415 2.56167 -2.73807
24 1 2.196 -10.0555 -5.85844 -0.590849 2.69702 0.51365 1.4163
25 2 -1.098 -11.0938 -6.06636 -2.20388 -3.97983 -1.53983 -3.96652
26 2 -1.098 -11.4503 -4.52458 -0.389152 4.2948 5.45863 0.457486
27 2 -1.098 -8.54485 -7.0184 -0.629309 2.90621 0.873024 0.343317
28 1 2.196 -10.8213 -8.41333 2.1653 -1.33147 -1.69832 -2.57295
29 1 2.196 -9.9717 -5.69002 2.26677 -0.501125 2.48665 1.0988
30 2 -1.098 -10.8157 -6.85392 0.904081 -0.776398 3.89164 -7.36004
31 2 -1.098 -11.3939 -4.42708 2.4468 0.411804 -2.87449 -3.84177
32 2 -1.098 -8.65374 -7.06068 2.30882 -4.06195 7.60235 6.52794
33 1 2.196 -9.92183 -5.81969 5.09722 2.63739 1.72272 4.36895
34 2 -1.098 -10.7793 -6.91847 3.41528 -4.5556 10.9885 -5.86745
35 2 -1.098 -11.2238 -4.37773 5.21713 0.50217 5.16325 -0.321481
36 2 -1.098 -8.53122 -7.0314 4.91588 1.84716 0.623479 3.42059
37 1 2.196 -9.95917 -5.76429 8.11015 2.60398 -1.92561 0.359893
38 2 -1.098 -10.4056 -6.91696 6.54092 -2.02003 -0.882481 0.239462
39 2 -1.098 -11.581 -5.06503 7.81619 4.50973 -1.57237 2.68193
40 2 -1.098 -8.51765 -7.04915 8.31814 3.06203 -3.51693 2.34061
41 1 2.196 -9.96004 -0.927585 -9.56395 1.74479 2.41277 7.4512
42 2 -1.098 -8.74115 -2.40242 -9.81954 -1.03763 -0.176032 1.27324
43 1 2.196 -10.24 -1.24395 -6.65713 0.661833 3.29402 -3.52375
44 2 -1.098 -10.9512 -1.86747 -8.27525 -5.11279 -1.69798 0.12266
45 2 -1.098 -11.5821 0.15981 -6.63782 5.19012 10.8331 7.33898
46 2 -1.098 -8.71226 -2.36863 -6.55997 2.96078 -5.1105 1.13857
47 1 2.196 -12.2441 -3.69842 -4.87467 -3.96007 0.676968 1.72539
48 1 2.196 -10.1878 -1.28279 -3.58659 -0.642595 -1.18582 -1.8039
49 2 -1.098 -11.0272 -2.19178 -5.2327 -4.10795 7.98124 -3.0425
50 2 -1.098 -11.3566 0.208383 -3.67988 2.81557 3.77589 -1.79149
51 2 -1.098 -8.74807 -2.53044 -3.6395 -0.936632 5.87819 -1.49103
52 1 2.196 -12.2352 -4.34407 -2.23932 -0.202909 2.22861 -7.23135
53 1 2.196 -9.95443 -1.16745 -0.77125 1.31851 2.5437 -5.42054
54 2 -1.098 -11.1613 -1.94094 -1.963 -1.51815 -3.85598 4.36198
55 2 -1.098 -11.2181 0.311017 -0.994662 2.48911 -2.82962 -1.72459
56 2 -1.098 -8.67738 -2.5141 -0.712461 4.08819 -0.569771 4.3965
57 1 2.196 -12.2804 -3.41744 0.871284 -7.12393 0.662862 -0.65836
58 1 2.196 -10.0195 -1.31508 2.22067 0.35003 0.537456 0.259626
59 2 -1.098 -10.8882 -2.15896 0.703386 0.270999 1.00631 -3.69679
60 2 -1.098 -13.028 -5.05257 -3.83057 -1.07635 -0.932474 0.770157
61 2 -1.098 -11.4994 -0.0215137 2.23188 -2.75734 -0.223961 -0.0275709
62 2 -1.098 -8.65527 -2.63828 2.1961 1.00341 -2.21664 6.01479
63 1 2.196 -12.2726 -3.41864 3.89449 5.05971 5.12784 -4.47828
64 1 2.196 -9.93593 -1.2782 5.16394 0.938876 2.30525 -0.822885
65 2 -1.098 -10.8947 -2.1196 3.69967 -3.4941 -11.6016 -0.899728
66 2 -1.098 -11.024 0.281664 4.93935 5.87324 -0.937552 -3.99386
67 2 -1.098 -8.65659 -2.61744 5.10041 -3.82636 2.64901 7.47118
68 1 2.196 -12.0064 -3.45894 6.9164 0.217283 -2.99838 -1.05532
69 1 2.196 -10.3119 -1.35845 9.14479 1.45232 -1.97945 -0.406155
70 2 -1.098 -11.3665 -1.65273 6.31981 1.80142 -0.00780993 1.71705
71 2 -1.098 -11.5415 -0.119858 8.3955 0.457576 -2.01286 1.89601
72 2 -1.098 -8.84327 -2.49769 8.05293 -1.78764 0.957065 3.02876
73 2 -1.098 -11.5341 -2.66657 8.58148 2.82631 -1.60103 3.70226
74 2 -1.098 -9.4068 -2.40127 10.5039 10.411 -4.23918 1.78355
75 1 2.196 -9.77779 3.53415 -9.60152 0.553667 0.273543 1.95307
76 2 -1.098 -8.58766 2.05283 -9.67183 -3.67564 0.455355 3.91633
77 1 2.196 -10.1495 3.45161 -6.7592 3.48815 -2.48027 0.0164693
78 2 -1.098 -10.7798 2.57238 -8.40974 -3.66617 9.33987 1.15423
79 2 -1.098 -11.1428 5.09337 -6.68734 6.31219 0.0364051 -0.773908
80 2 -1.098 -8.72607 2.19041 -6.65587 -1.64563 3.3487 3.53614
81 1 2.196 -12.1143 1.06479 -5.15692 0.674763 -2.11327 -2.36528
82 1 2.196 -10.1021 3.38996 -3.70505 -2.60967 2.07239 -2.0814
83 2 -1.098 -10.8705 2.49092 -5.2728 -1.65709 -7.92205 -9.3247
84 2 -1.098 -11.0883 5.04448 -3.81892 2.90982 -5.28778 -5.16268
85 2 -1.098 -8.68434 2.17245 -3.70215 0.516064 5.5264 -9.2921
86 1 2.196 -12.3928 1.30747 -2.30466 -4.522 -3.85815 3.5291
87 1 2.196 -10.1751 3.31955 -0.702505 1.66486 5.21401 2.20343
88 2 -1.098 -10.9645 2.55288 -2.28802 9.90174 5.59645 0.258096
89 2 -1.098 -13.5902 -0.0684971 -2.71103 1.88479 2.32555 -3.41684
90 2 -1.098 -11.3877 4.75901 -0.86932 -1.17524 0.935816 1.79938
91 2 -1.098 -8.7865 2.05196 -0.765844 -1.45222 4.54893 0.693137
92 1 2.196 -12.273 0.746416 0.617084 0.994276 -0.701975 1.48867
93 1 2.196 -10.282 3.35389 2.22954 -3.86242 0.704551 6.39914
94 2 -1.098 -10.9792 2.28065 0.753727 6.35696 2.10189 3.58666
95 2 -1.098 -13.1191 -0.886379 -0.0183286 -8.09944 -5.75776 -6.08543
96 2 -1.098 -14.1333 4.62362 3.55596 0.642401 -7.67144 3.17091
97 2 -1.098 -8.855 1.98512 2.18523 2.19272 4.85882 0.444178
98 1 2.196 -12.3574 0.851268 3.72733 -1.74607 0.198278 -0.0365819
99 1 2.196 -10.3752 3.165 5.13522 -2.82222 0.906611 6.17341
100 2 -1.098 -11.1412 2.32837 3.68005 -1.73168 1.72115 1.95741
101 2 -1.098 -13.3565 1.66691 2.31788 -4.77005 -1.29354 9.34318
102 2 -1.098 -11.8563 4.35988 5.26043 0.894712 -6.33265 -3.34054
103 2 -1.098 -8.76992 2.02245 5.10165 5.57232 -3.23825 -2.6045
104 1 2.196 -11.8385 0.22907 6.66141 3.10002 0.442436 6.14682
105 1 2.196 -10.0739 3.23098 8.05088 -1.68692 0.284019 -1.28809
106 2 -1.098 -11.0668 2.25755 6.77975 -6.35929 1.19889 0.575733
107 2 -1.098 -8.52304 2.19548 8.10111 1.67866 -3.4537 7.08646
108 2 -1.098 -6.84404 2.4299 12.2206 0.587279 -2.14256 -1.3468
109 2 -1.098 -9.36739 4.70264 -10.9087 5.8244 0.879719 0.430243
110 1 2.196 -8.88294 8.58064 -6.90221 2.25259 4.84615 -0.136248
111 2 -1.098 -8.79186 7.44016 -8.49413 -3.25438 3.68698 -7.53726
112 1 2.196 -10.6033 6.10821 -5.23341 -1.78425 -0.546911 -2.80948
113 1 2.196 -11.5309 6.51799 -2.64465 -1.67879 -2.43874 1.14219
114 2 -1.098 -8.97684 6.74742 -6.20975 2.11531 -2.73958 4.94305
115 2 -1.098 -8.87492 6.40371 -3.76375 -6.68118 2.70432 -1.26229
116 1 2.196 -13.0025 5.44715 -0.307323 1.0789 1.89693 2.73302
117 1 2.196 -9.10936 8.67866 -1.02147 4.76772 -5.69007 1.46489
118 2 -1.098 -13.2029 6.30068 -1.88432 -3.88896 0.895934 3.70336
119 2 -1.098 -11.5049 7.43075 -4.32742 4.13837 -5.49605 -1.27832
120 2 -1.098 -8.69058 6.68306 -0.80571 1.99991 -4.32626 3.72008
121 1 2.196 -13.779 3.46837 2.1476 -1.49902 1.52813 4.80035
122 1 2.196 -10.8288 7.34572 1.76586 -3.07247 0.600755 -3.94138
123 2 -1.098 -12.3503 6.79079 0.77159 2.71198 5.22685 1.67148
124 2 -1.098 -14.3294 4.61661 0.758483 2.93516 -0.93864 6.06284
125 2 -1.098 -9.16978 6.39243 2.07614 -1.52307 2.38158 -2.528
126 1 2.196 -13.0161 5.70069 4.49417 0.366566 -1.23065 3.8354
127 1 2.196 -10.7734 7.65429 4.81512 1.54611 -2.6729 -4.105
128 2 -1.098 -11.5844 6.60747 3.36376 1.99353 1.38105 -1.77629
129 2 -1.098 -9.06291 6.67447 5.04663 4.5328 6.02473 1.15889
130 2 -1.098 -12.4031 7.11741 5.53652 5.42939 -2.33419 0.768352
131 2 -1.098 -8.82061 6.69962 7.84849 -4.45196 5.01993 6.32163
132 2 -1.098 -7.70712 11.762 -4.55516 1.36201 3.83959 3.55827
133 2 -1.098 -9.27067 10.0639 -2.26146 4.43795 -6.52037 3.24167
134 2 -1.098 -7.93725 10.8508 0.892619 -4.99765 0.015868 -0.900084
135 1 2.196 -5.83321 -10.0985 -6.88464 2.31622 -1.94118 6.01007
136 2 -1.098 -9.13954 -7.1106 -8.20763 1.19096 -2.38561 7.6978
137 2 -1.098 -4.98963 -11.5402 -6.10656 4.01721 -5.49683 -3.70188
138 1 2.196 -5.56635 -9.86735 -3.56695 -3.29607 -2.04113 -0.0928451
139 2 -1.098 -7.16686 -8.72709 -6.38621 2.86968 -8.60822 -2.13009
140 2 -1.098 -7.09473 -8.80172 -3.68473 3.28658 2.67574 -1.80497
141 2 -1.098 -4.16609 -11.1009 -3.47111 0.164185 1.12656 4.61806
142 1 2.196 -5.67957 -10.2754 -0.643833 0.841457 -3.18213 1.11971
143 2 -1.098 -6.57326 -10.7622 -2.22154 -2.09083 -0.835659 2.66717
144 2 -1.098 -6.73969 -8.68105 -0.53824 -0.0151177 -0.0604232 -8.49498
145 2 -1.098 -4.26462 -11.6574 -0.640331 2.13326 4.16167 -6.91868
146 1 2.196 -8.32338 -11.0925 2.0927 0.525446 0.928906 1.10472
147 1 2.196 -5.44178 -10.1227 2.26116 -1.08272 4.0909 -1.74468
148 2 -1.098 -6.70512 -10.8631 0.940845 2.79249 -3.67922 -1.60986
149 2 -1.098 -6.64252 -8.6813 2.19649 3.10492 5.23405 -3.78666
150 2 -1.098 -4.34272 -11.6037 2.00678 -0.326125 -2.70512 -1.52729
151 1 2.196 -5.62074 -10.3009 5.18955 0.79027 -0.583596 1.73972
152 2 -1.098 -6.68884 -10.8337 3.49658 -3.75323 -9.50095 -1.8714
153 2 -1.098 -6.85187 -8.77659 5.23778 3.01032 -0.12984 -6.19111
154 2 -1.098 -4.0296 -11.353 5.47236 4.15522 -2.66471 -3.95226
155 1 2.196 -5.84198 -10.1379 8.05184 0.260126 -2.59626 -3.24765
156 2 -1.098 -6.63313 -11.0382 6.54696 -4.13604 6.00928 3.25777
157 2 -1.098 -7.33663 -9.05543 8.03635 0.736646 3.16951 -7.88047
158 2 -1.098 -4.55766 -11.4257 8.25228 1.26281 1.3052 4.7271
159 1 2.196 -6.29796 -6.20472 -12.0697 -0.310942 -7.89199 -3.5558
160 1 2.196 -5.81045 -5.71757 -9.29067 2.65339 -0.726078 0.164609
161 2 -1.098 -4.70016 -7.25972 -12.2961 -0.896961 1.34244 -0.29466
162 2 -1.098 -7.51245 -4.87349 -12.2065 0.287429 -3.60521 -6.40409
163 2 -1.098 -4.36906 -6.98696 -9.44505 -5.08473 -1.31055 2.7526
164 1 2.196 -7.68211 -8.1605 -8.25287 -1.36832 2.07255 -0.733921
165 1 2.196 -5.63061 -5.55607 -6.44116 -0.119877 -2.43415 -1.8744
166 2 -1.098 -6.56483 -6.69902 -7.84718 1.91973 -1.92842 -2.89384
167 2 -1.098 -6.91756 -4.18907 -6.56334 3.14577 2.98133 -4.02069
168 2 -1.098 -4.27711 -6.94302 -6.54198 3.86593 1.00142 3.68636
169 1 2.196 -7.94535 -7.78944 -5.00283 0.977127 -0.49446 -1.31827
170 1 2.196 -5.5282 -5.59988 -3.6185 1.31132 2.29332 -1.21117
171 2 -1.098 -6.58673 -6.50094 -5.06512 -3.77748 -2.92314 0.457234
172 2 -1.098 -7.12267 -9.9218 -8.48187 -2.30483 6.62473 2.4087
173 2 -1.098 -6.95885 -4.30559 -3.7285 -7.35816 -0.171691 0.914869
174 2 -1.098 -4.18667 -6.96982 -3.64725 -0.498955 3.10368 -2.07156
175 1 2.196 -7.80189 -7.99842 -2.05032 -0.248149 0.9882 -0.679126
176 1 2.196 -5.52541 -5.64877 -0.707517 1.57607 -0.25442 -1.6558
177 2 -1.098 -6.39337 -6.6806 -2.17949 -3.68164 9.3276 3.221
178 2 -1.098 -9.1598 -9.2697 -1.84117 -7.90791 -0.114055 -4.64177
179 2 -1.098 -6.79347 -4.24302 -0.813533 6.18822 4.8181 0.0524985
180 2 -1.098 -4.17072 -6.98982 -0.61854 -3.1515 -0.655601 -3.82476
181 1 2.196 -7.61067 -7.80658 0.826037 -0.224251 2.62767 2.41574
182 1 2.196 -5.37225 -5.58262 2.26204 3.78966 6.32983 -0.042847
183 2 -1.098 -6.46749 -6.32261 0.744106 -5.24995 6.60617 -1.18609
184 2 -1.098 -8.98702 -9.13013 1.09002 -1.28188 2.72057 -1.67932
185 2 -1.098 -6.7666 -4.25359 2.20851 -3.62759 1.92181 -5.52013
186 2 -1.098 -4.09433 -6.96372 2.28653 2.42462 -7.28087 4.49743
187 1 2.196 -7.5266 -7.9838 3.65878 -0.247348 0.852569 -1.48652
188 1 2.196 -5.59804 -5.70504 5.16728 -1.86171 0.36167 3.82408
189 2 -1.098 -6.36882 -6.53388 3.64146 -0.534325 -14.1227 -5.7241
190 2 -1.098 -8.81786 -9.33186 3.50236 -0.0640498 -4.18255 1.99578
191 2 -1.098 -6.86907 -4.27198 5.20218 2.35853 -6.11431 -3.06052
192 2 -1.098 -4.32806 -7.0536 5.13764 5.49563 0.726446 2.17551
193 1 2.196 -8.12489 -7.98485 6.53306 -2.78763 -3.61509 -3.66305
194 1 2.196 -5.6833 -5.53819 8.10372 -3.21495 -1.06381 0.526791
195 2 -1.098 -6.61112 -6.57447 6.67574 2.99677 -4.46799 0.656585
196 2 -1.098 -9.30042 -9.35985 6.17789 1.0737 -0.364202 4.54391
197 2 -1.098 -6.89813 -4.12028 8.09456 -1.85791 -3.0528 -2.33263
198 2 -1.098 -4.45995 -7.08785 8.08006 -2.76035 -0.422671 -0.405645
199 1 2.196 -7.29816 -7.86257 9.42295 0.379345 -1.05318 -2.70732
200 1 2.196 -5.18525 -4.95837 11.1953 4.038 -2.28298 -0.32413
201 2 -1.098 -6.46192 -6.22096 9.79914 1.45464 -0.537286 -2.18539
202 2 -1.098 -6.63456 -3.63154 11.158 -0.969939 8.96911 5.08324
203 2 -1.098 -4.13815 -6.59544 11.0703 -7.372 -2.35991 -0.758394
204 1 2.196 -5.3861 -0.992613 -12.4063 -3.2446 -3.20254 -2.97869
205 2 -1.098 -6.84668 0.194302 -12.4793 7.04249 5.18285 -5.32617
206 2 -1.098 -4.41732 -2.72639 -12.7113 -0.824762 -4.4627 2.13108
207 1 2.196 -7.72495 -3.48145 -11.027 -0.461855 -2.22145 4.28899
208 1 2.196 -5.72756 -1.13572 -9.4899 -1.65921 2.96566 -2.05236
209 2 -1.098 -6.45609 -2.12291 -11.1528 -3.71376 4.07837 -0.0179856
210 2 -1.098 -7.04637 0.175305 -9.57909 0.718592 1.62125 2.84054
211 2 -1.098 -4.52473 -2.54229 -9.49203 4.69331 1.38972 -0.686847
212 1 2.196 -7.98747 -3.28901 -8.00419 2.53086 3.43731 1.76977
213 1 2.196 -5.69386 -1.08189 -6.54892 2.27259 2.07116 -4.35415
214 2 -1.098 -6.67102 -2.00666 -8.10853 5.62768 3.48792 4.54879
215 2 -1.098 -7.10039 -4.30159 -9.45555 0.0614625 1.09734 1.28297
216 2 -1.098 -7.01536 0.239686 -6.67948 1.096 -1.68776 -1.37303
217 2 -1.098 -4.41526 -2.49927 -6.57143 -1.21775 -3.33785 2.37238
218 1 2.196 -7.91486 -3.38434 -5.14096 1.22049 0.505623 -0.509178
219 1 2.196 -5.64995 -1.03257 -3.63672 -0.157395 -2.55212 -2.02679
220 2 -1.098 -6.47401 -1.98733 -5.06294 -4.55355 6.62929 6.26066
221 2 -1.098 -9.04673 -5.03349 -5.18716 -10.6087 -3.08575 1.93162
222 2 -1.098 -7.03028 0.244098 -3.73905 -4.17436 -3.30609 -6.33767
223 2 -1.098 -4.31731 -2.39079 -3.59123 4.12629 5.349 -0.913804
224 1 2.196 -7.78606 -3.36996 -2.15721 -2.99839 -2.24599 -0.333817
225 1 2.196 -5.5673 -1.00848 -0.749758 3.6563 -1.90729 1.44519
226 2 -1.098 -6.49326 -1.93547 -2.20794 1.60885 -0.0926827 -0.548864
227 2 -1.098 -9.09781 -4.82249 -2.00441 -2.62524 7.24623 8.58397
228 2 -1.098 -6.96683 0.291819 -0.675816 0.280681 3.88187 3.12823
229 2 -1.098 -4.27274 -2.38641 -0.770413 4.07903 1.88771 7.45538
230 1 2.196 -7.74892 -3.45054 0.723745 -0.263516 -1.50731 0.202452
231 1 2.196 -5.68322 -1.09952 2.16144 -0.275834 -2.93865 2.69007
232 2 -1.098 -6.46988 -2.01406 0.656322 0.561734 2.05377 -0.806577
233 2 -1.098 -9.08275 -4.86941 0.778012 -1.31884 -1.52566 0.0221866
234 2 -1.098 -6.99672 0.261002 2.18049 3.58954 -0.576034 -2.01294
235 2 -1.098 -4.2999 -2.42906 2.07648 0.341006 0.302023 -2.12447
236 1 2.196 -7.72489 -3.43452 3.71648 -1.27295 0.221345 1.95884
237 1 2.196 -5.58923 -1.1166 5.08402 -0.534086 -0.435315 2.43871
238 2 -1.098 -6.42531 -2.0593 3.55321 5.79715 -2.48172 -2.02077
239 2 -1.098 -9.05047 -4.81841 3.7013 1.64478 -10.6067 0.0679942
240 2 -1.098 -6.94116 0.255135 5.14068 1.61872 -5.2475 -0.917694
241 2 -1.098 -4.2238 -2.42036 5.14726 10.4694 -4.15433 -2.49354
242 1 2.196 -7.83251 -3.40353 6.61854 0.982562 0.732706 -1.0264
243 1 2.196 -5.59437 -1.13705 8.0421 -2.80941 3.93331 -1.65959
244 2 -1.098 -6.38961 -2.01049 6.53507 -1.88272 2.71476 -3.02289
245 2 -1.098 -9.09505 -4.83736 6.62922 -3.14416 -1.38662 2.70055
246 2 -1.098 -6.89571 0.337437 7.98791 6.9319 -6.03557 1.36722
247 2 -1.098 -4.15166 -2.36437 8.00711 -1.06272 -1.70312 -8.04647
248 1 2.196 -7.97237 -3.30908 9.65669 -0.914766 1.93629 -1.241
249 1 2.196 -5.68467 -1.50503 10.9723 0.678773 -1.84986 2.78848
250 2 -1.098 -6.65908 -1.85636 9.40739 5.55497 -1.52477 5.9759
251 2 -1.098 -9.04518 -4.9275 9.49005 -5.85732 2.32831 0.319113
252 2 -1.098 -6.81998 0.0751718 11.1658 0.897037 -0.531208 -4.49463
253 2 -1.098 -4.21139 -2.60026 10.7438 -0.805638 4.43725 -4.18035
254 2 -1.098 -4.85236 -0.462187 12.3792 4.56436 -0.262594 1.96901
255 2 -1.098 -2.07178 -2.97029 14.3397 -5.64031 -2.07944 -2.61521
256 1 2.196 -5.58905 3.40296 -12.6006 -1.78263 2.44163 1.40951
257 2 -1.098 -4.2684 2.16612 -12.0603 -1.99372 0.0360022 0.531224
258 1 2.196 -7.80634 1.08771 -11.1051 0.551787 -0.268496 1.89145
259 1 2.196 -5.7142 3.4264 -9.56967 -0.0440511 0.617181 4.14235
260 2 -1.098 -6.59742 2.54074 -11.1885 -5.35363 -3.07552 -1.96844
261 2 -1.098 -9.34771 -0.00708065 -11.0435 6.21665 1.41269 -4.74819
262 2 -1.098 -7.13785 4.82649 -9.67633 -4.49524 -6.8513 0.00628689
263 2 -1.098 -4.36289 2.04761 -9.3576 -3.3197 -0.247146 3.52311
264 1 2.196 -7.93039 1.25674 -8.08137 3.41267 0.0701219 -0.607189
265 1 2.196 -5.6835 3.44501 -6.63109 3.57942 0.926137 5.23209
266 2 -1.098 -6.56405 2.55816 -8.07168 -2.58094 5.75322 -2.74529
267 2 -1.098 -9.17339 -0.142142 -8.1023 -4.20326 -0.112479 -1.15194
268 2 -1.098 -7.12005 4.83806 -6.69114 -0.102887 3.04298 7.8451
269 2 -1.098 -4.33001 2.08149 -6.50871 4.99176 2.83429 -3.95028
270 1 2.196 -7.89821 1.16717 -5.15593 -1.31823 2.33736 0.985827
271 1 2.196 -5.61189 3.4305 -3.58458 -0.324293 -4.442 -1.32219
272 2 -1.098 -6.47895 2.58156 -5.08155 -1.33907 1.26589 4.15067
273 2 -1.098 -9.34322 -0.220892 -5.14749 3.71022 -6.39966 -0.374556
274 2 -1.098 -6.92512 4.80089 -3.61647 0.661612 1.55065 4.64769
275 2 -1.098 -4.22601 2.1324 -3.60428 -7.21406 -0.694916 4.42647
276 1 2.196 -7.87539 1.16196 -2.18092 1.10492 -0.928642 3.34633
277 1 2.196 -5.68503 3.43454 -0.681027 -0.808762 1.42689 4.39276
278 2 -1.098 -6.49754 2.48713 -2.17615 1.13931 -2.94505 0.543504
279 2 -1.098 -9.08887 -0.317273 -2.24055 -1.9429 -1.65557 4.88166
280 2 -1.098 -7.16059 4.70085 -0.698519 -0.382772 -7.22868 -4.25526
281 2 -1.098 -4.43721 1.98888 -0.729728 -3.60179 1.86727 2.95792
282 1 2.196 -7.948 1.17895 0.759219 -0.663988 0.367332 3.07032
283 1 2.196 -5.63552 3.44996 2.20471 3.86855 1.45088 -1.1192
284 2 -1.098 -6.5953 2.56097 0.829226 -5.71449 -4.30328 2.24121
285 2 -1.098 -9.27448 -0.288358 0.701704 -1.17135 9.19173 1.76103
286 2 -1.098 -7.17038 4.78141 2.27281 5.06282 -3.36104 -9.19792
287 2 -1.098 -4.34437 2.08338 2.21303 -7.65381 -6.42352 -6.84694
288 1 2.196 -7.89908 1.07633 3.66514 1.63384 -0.449098 0.134656
289 1 2.196 -5.66347 3.50642 5.10043 -3.40589 -0.326594 -2.48643
290 2 -1.098 -6.56282 2.53632 3.67025 2.51926 -1.18579 -0.322652
291 2 -1.098 -8.99868 -0.499625 3.67614 2.7449 0.134327 5.91452
292 2 -1.098 -7.19292 4.86979 5.04043 -2.15327 2.34198 -0.723187
293 2 -1.098 -4.2108 2.23327 5.0304 -0.985891 -7.69775 2.71196
294 1 2.196 -7.83044 1.15865 6.60096 -1.51459 1.41509 -4.28239
295 1 2.196 -5.80027 3.40154 8.02483 -0.314766 2.26836 0.198854
296 2 -1.098 -6.58081 2.52655 6.45608 -0.832863 1.71984 -4.03604
297 2 -1.098 -9.19903 -0.129319 6.5217 3.21382 1.07876 -5.01364
298 2 -1.098 -7.21509 4.76876 7.89354 -0.907375 5.60652 0.423618
299 2 -1.098 -4.42469 2.03573 8.07914 2.50155 -2.37506 -0.693606
300 1 2.196 -7.6234 0.999859 9.58036 2.87275 -2.75651 -0.241564
301 1 2.196 -5.73533 3.48839 11.1112 -1.20122 -5.05292 1.85699
302 2 -1.098 -6.51486 2.53106 9.60898 1.34568 0.545079 -0.364335
303 2 -1.098 -9.24506 0.14949 9.58696 -0.812929 1.6073 -4.08357
304 2 -1.098 -6.91082 5.32716 10.8933 1.07627 -5.28033 -1.13152
305 2 -1.098 -4.4997 1.94713 11.1309 -5.87787 2.00956 -9.43928
306 1 2.196 -5.97193 0.958876 12.7052 -1.38534 -4.43641 -0.517511
307 2 -1.098 -4.51497 1.67702 13.6267 2.40401 -2.5504 -0.80274
308 2 -1.098 -2.33606 4.50632 14.0245 -4.32629 6.88275 -1.65898
309 2 -1.098 -6.91291 4.72886 -12.6329 -1.40227 -3.37688 3.55476
310 1 2.196 -7.74608 5.59207 -11.2794 -1.27387 -1.31294 -1.92323
311 1 2.196 -5.7527 7.76494 -9.55317 1.46444 -2.68807 -1.76895
312 2 -1.098 -6.95106 7.10636 -10.7212 -1.81229 1.14207 0.496926
313 2 -1.098 -4.36151 6.46519 -9.5026 0.722616 6.01611 2.2515
314 1 2.196 -7.89735 5.85147 -8.0355 1.91468 -1.93026 0.737171
315 1 2.196 -5.50743 8.00885 -6.62971 1.15466 1.98388 -1.36323
316 2 -1.098 -6.34249 6.91758 -8.06173 -6.2456 -2.78682 9.00633
317 2 -1.098 -9.1658 4.45003 -8.15032 0.930804 -2.52557 1.57047
318 2 -1.098 -7.12185 8.97375 -6.81008 -7.30146 -1.64112 0.726568
319 2 -1.098 -4.24911 6.52142 -6.5248 0.71612 -7.03409 1.07811
320 1 2.196 -7.74353 5.62473 -5.07251 -3.31632 -2.38916 1.89148
321 1 2.196 -5.69609 7.95395 -3.65444 -2.66237 -2.75515 1.53247
322 2 -1.098 -6.50129 7.05504 -5.15565 -2.56667 2.20634 -0.400756
323 2 -1.098 -9.27172 4.37568 -5.32033 0.326638 3.14915 5.14836
324 2 -1.098 -7.09168 9.21657 -3.75161 4.14807 3.05521 -4.79229
325 2 -1.098 -4.35698 6.43398 -3.68282 11.8874 -0.541418 -1.32107
326 1 2.196 -7.947 5.59668 -2.17832 -2.70644 0.663822 -1.75656
327 1 2.196 -5.78291 7.82234 -0.716859 -0.16742 -0.0420013 0.852554
328 2 -1.098 -6.63007 6.98573 -2.2342 4.06785 -0.606999 -1.56033
329 2 -1.098 -9.22284 4.23356 -2.24535 2.92181 0.800423 -9.01393
330 2 -1.098 -7.16332 9.14402 -0.697478 3.93379 -0.632449 0.550272
331 2 -1.098 -4.35168 6.56368 -0.703152 5.33052 -4.43347 -3.00186
332 1 2.196 -8.00519 5.59978 0.698097 1.47731 2.97744 -2.32151
333 1 2.196 -5.77058 7.83515 2.18492 -3.83592 1.57959 -4.23069
334 2 -1.098 -6.62857 6.90164 0.770301 -0.124251 12.4286 -4.41768
335 2 -1.098 -9.42586 4.25404 0.710692 -3.36926 0.00284864 -3.38225
336 2 -1.098 -6.88386 9.24988 2.64214 -5.39316 -6.9921 6.07424
337 2 -1.098 -4.45083 6.47961 2.27001 1.00976 4.5487 3.25151
338 1 2.196 -8.08084 5.68202 3.59533 0.783752 -2.10108 0.623471
339 1 2.196 -5.74983 7.83723 5.18807 2.44372 1.83511 4.85875
340 2 -1.098 -6.78894 7.01055 3.71955 4.10097 -1.85867 4.99082
341 2 -1.098 -9.49727 4.31033 3.77966 8.51341 -0.864476 -1.75875
342 2 -1.098 -7.13876 9.20284 5.31611 1.15832 6.69788 -1.58693
343 2 -1.098 -4.45288 6.37042 5.23747 -1.09897 -0.475008 9.42912
344 1 2.196 -8.17753 5.59692 6.40208 -1.849 1.91098 -1.29399
345 1 2.196 -5.79362 7.97228 8.12942 0.759136 0.519039 -1.49344
346 2 -1.098 -6.89851 7.21302 6.56343 -2.75778 4.39891 -5.10293
347 2 -1.098 -9.4942 4.20066 6.5526 -2.73937 3.48326 3.58445
348 2 -1.098 -7.2479 9.21573 8.0776 -0.367008 1.92989 4.83836
349 2 -1.098 -4.47007 6.51115 8.12857 1.12421 -4.45055 4.51861
350 1 2.196 -8.09306 5.65939 9.33755 1.83047 1.43637 -0.516579
351 1 2.196 -5.81704 7.13205 10.9445 0.908155 -3.98919 0.853195
352 2 -1.098 -6.90921 7.17413 9.52404 7.56055 -2.0653 0.155676
353 2 -1.098 -9.50807 4.49634 9.23896 0.0105437 -4.98748 2.79228
354 2 -1.098 -4.16492 6.45701 11.0767 -4.87389 0.76783 -3.53134
355 2 -1.098 -4.56483 10.5746 -6.56823 2.8693 -2.54963 -10.1603
356 1 2.196 -6.04168 11.8954 -3.83998 3.45515 0.563078 -1.54156
357 1 2.196 -3.6265 14.0969 -2.61116 -2.02809 -4.05342 2.35892
358 2 -1.098 -5.09894 13.4305 -3.47758 2.90051 -4.08259 -4.89333
359 2 -1.098 -9.42117 9.53785 -5.37556 0.716964 -1.73628 -4.81081
360 2 -1.098 -4.52459 10.7574 -3.66522 2.57651 -1.49006 5.8047
361 1 2.196 -8.67356 10.299 -3.9357 0.838287 -3.19839 -1.63613
362 1 2.196 -4.20965 14.1794 0.253946 -4.75829 -0.654547 -0.377174
363 2 -1.098 -6.55217 11.7127 -2.03441 2.7299 1.12872 -1.5862
364 2 -1.098 -10.7013 7.88533 -1.6184 2.20636 -1.46286 -1.17574
365 2 -1.098 -4.57008 10.6382 -0.566566 0.0340513 -1.13385 -8.71215
366 1 2.196 -6.49245 11.1982 -0.239665 -0.426586 3.94263 0.0500067
367 1 2.196 -5.00547 12.9195 2.38323 4.78937 -3.39291 -0.3615
368 2 -1.098 -5.58088 12.7142 0.544036 -3.98486 -4.13463 3.19524
369 2 -1.098 -9.6327 8.67112 0.882797 0.286234 -0.547504 -3.26382
370 2 -1.098 -4.40547 10.9167 2.25027 5.73379 2.28125 6.55821
371 1 2.196 -8.78413 9.71318 2.21628 0.905708 -1.44864 2.60809
372 1 2.196 -6.69866 10.6025 4.13893 -0.0749671 3.25386 0.170629
373 2 -1.098 -8.50983 10.7009 3.77629 -6.96944 4.05146 2.64789
374 2 -1.098 -10.2105 8.56654 3.19608 4.85046 -3.58766 -0.0817631
375 2 -1.098 -4.92351 10.5575 4.9834 3.28883 -4.6242 3.71465
376 1 2.196 -8.37272 8.56928 6.83801 -1.92557 2.41642 -1.81746
377 2 -1.098 -10.0659 8.66955 6.20394 -3.52407 4.42188 4.26958
378 2 -1.098 -4.27067 10.7572 8.42943 -4.86964 -0.0541798 5.02361
379 2 -1.098 -2.26306 -12.7674 -3.73476 -3.29328 3.47527 3.07573
380 1 2.196 -0.626259 -13.7556 -0.866623 4.08785 3.43371 1.76312
381 2 -1.098 -2.42845 -13.2173 -0.788939 2.51271 -2.32847 -0.080066
382 2 -1.098 -2.637 -13.3155 2.38004 -3.98701 8.69983 3.35999
383 2 -1.098 -2.96216 -13.5588 5.90725 1.72207 -2.23015 1.91521
384 1 2.196 -1.10214 -9.96514 -9.65737 -0.38276 -1.10805 -0.357659
385 2 -1.098 -2.63351 -8.80061 -9.90771 5.77682 3.01968 -2.97606
386 1 2.196 -1.14984 -10.0707 -6.68969 1.7402 -2.08131 3.03832
387 2 -1.098 -1.86017 -10.8778 -8.37535 -0.974719 -0.810545 -1.4041
388 2 -1.098 -2.44319 -8.6292 -6.70302 5.6989 1.90008 -0.429529
389 2 -1.098 0.132958 -11.4135 -6.5117 5.85653 4.08242 5.35653
390 1 2.196 -3.70542 -12.3083 -4.93433 -0.319727 -4.40975 -1.00346
391 1 2.196 -1.31558 -10.2867 -3.68968 -0.371563 -1.85441 4.76767
392 2 -1.098 -2.2776 -10.8713 -5.37305 -3.2539 5.29618 -1.55132
393 2 -1.098 -2.50852 -8.77749 -3.63631 -0.595538 6.84547 -1.81905
394 2 -1.098 0.277365 -11.4775 -3.70591 -4.98112 -4.21441 3.00401
395 1 2.196 -3.47801 -12.3976 -2.29059 -0.369794 0.0476743 -0.319959
396 1 2.196 -0.990353 -10.0911 -0.749864 3.73471 -1.61182 -4.54375
397 2 -1.098 -2.07629 -10.9242 -2.01907 2.80913 -1.62003 7.78387
398 2 -1.098 -2.29715 -8.71589 -0.743926 -0.537281 -3.77065 3.9792
399 2 -1.098 0.139477 -11.8215 -0.811311 4.50689 -1.15478 -0.0515049
400 1 2.196 -3.2193 -12.2762 0.806491 -1.27194 -0.227837 -0.664705
401 1 2.196 -1.07517 -10.1029 2.23048 -5.15627 -0.152722 1.54268
402 2 -1.098 -1.84334 -10.9727 0.646973 -5.2111 5.17892 4.1717
403 2 -1.098 -4.56301 -13.2861 -3.53286 -4.42756 -9.75703 -3.03198
404 2 -1.098 -2.4905 -8.74125 2.28519 -2.36917 -0.348918 0.963297
405 2 -1.098 0.286974 -11.6145 2.2173 2.14054 0.470513 7.93742
406 1 2.196 -2.39881 -12.826 4.15024 0.197931 0.827579 -2.99459
407 1 2.196 -1.17418 -9.93778 5.13724 0.758245 -0.0719188 -1.81511
408 2 -1.098 -1.93082 -10.9969 3.6787 -1.7751 5.68226 0.685831
409 2 -1.098 -2.45707 -8.62404 5.27565 -2.32987 -0.950031 -6.63118
410 2 -1.098 0.443489 -11.0095 5.00463 -0.583324 2.55203 -0.423783
411 1 2.196 -3.23321 -12.031 7.09315 -1.15184 -1.76745 -2.18387
412 1 2.196 -1.0444 -9.79889 8.64582 1.32232 1.01737 -4.30294
413 2 -1.098 -1.49852 -11.5347 6.23145 2.87306 1.43792 -11.5639
414 2 -1.098 -2.71134 -8.83212 8.14329 -4.72963 -2.80397 0.769649
415 2 -1.098 0.803125 -11.0471 8.47734 1.3189 -0.877424 -5.5429
416 2 -1.098 -1.7555 -11.4763 8.52676 -1.72563 -2.01125 1.23635
417 2 -1.098 -2.53246 -8.46036 10.7228 -0.988194 -5.71151 -0.997485
418 1 2.196 -1.01874 -5.48531 -12.3371 -5.69957 -1.15234 4.41589
419 2 -1.098 -2.60641 -4.36237 -12.2881 -1.70432 -1.89345 2.18054
420 2 -1.098 0.0998081 -6.86201 -12.4591 10.4525 4.88505 2.76757
421 1 2.196 -3.50826 -7.67108 -10.9453 -1.69942 -0.927642 1.95516
422 1 2.196 -1.28706 -5.57085 -9.52419 0.363744 2.36922 -0.0358851
423 2 -1.098 -2.10508 -6.44673 -11.0408 -1.01698 3.66083 -2.67137
424 2 -1.098 -2.72083 -4.25671 -9.6077 1.55774 -2.1484 7.03638
425 2 -1.098 0.0472398 -6.9005 -9.66982 8.10464 -0.691129 4.24205
426 1 2.196 -3.45122 -7.85584 -7.96704 -0.883641 -0.68923 -2.3527
427 1 2.196 -1.16785 -5.57116 -6.50173 -1.17046 -0.617092 -1.06827
428 2 -1.098 -2.11923 -6.47041 -8.05 -1.82936 -6.05403 3.98241
429 2 -1.098 -4.70533 -9.17749 -8.0262 6.9695 1.18971 -1.30801
430 2 -1.098 -2.4673 -4.14102 -6.52875 2.05703 2.03654 1.40102
431 2 -1.098 0.124245 -6.95092 -6.7257 -1.05831 7.0954 -2.20595
432 1 2.196 -3.35459 -7.9487 -5.10637 -1.08607 3.21879 -0.169815
433 1 2.196 -1.19015 -5.54639 -3.65665 5.75725 -3.25268 -1.65379
434 2 -1.098 -2.16052 -6.48263 -5.10283 -4.43224 10.662 -3.44152
435 2 -1.098 -4.87169 -9.15306 -5.20693 3.25736 0.755744 -0.0991937
436 2 -1.098 -2.4994 -4.14254 -3.60669 6.60261 3.19719 -3.29957
437 2 -1.098 0.238058 -6.87685 -3.75071 -4.79636 -0.889675 -5.7637
438 1 2.196 -3.32907 -7.89681 -2.13096 -2.41352 -2.19141 -1.31316
439 1 2.196 -1.16403 -5.58404 -0.784196 -1.92136 -1.83254 2.31343
440 2 -1.098 -2.11414 -6.4503 -2.21865 7.1291 5.60904 -5.4478
441 2 -1.098 -4.72655 -9.14964 -2.08683 -0.307287 -3.53375 -0.323606
442 2 -1.098 -2.49587 -4.22691 -0.706938 -0.903725 2.74909 1.96586
443 2 -1.098 0.168646 -6.90247 -0.84735 -5.69002 2.33918 -0.171693
444 1 2.196 -3.31064 -7.89259 0.829664 -0.623536 -2.9211 4.52323
445 1 2.196 -1.10618 -5.46778 2.19191 -1.72574 0.164378 -3.53536
446 2 -1.098 -1.94298 -6.46485 0.783281 0.329888 5.60927 -2.60611
447 2 -1.098 -4.5281 -9.38 0.728525 3.30046 -0.458321 4.03156
448 2 -1.098 -2.43355 -4.05447 2.20911 -3.48452 1.3278 -2.23401
449 2 -1.098 0.199252 -6.91756 2.23192 -0.0452393 8.44073 1.29363
450 1 2.196 -3.27988 -7.83556 3.79666 -2.13833 2.79512 3.4611
451 1 2.196 -1.13444 -5.53146 5.12969 -0.0774563 -0.898158 -0.742766
452 2 -1.098 -1.91359 -6.45603 3.58707 1.90222 5.50451 -4.09039
453 2 -1.098 -4.61681 -9.40224 3.74782 -6.55687 -1.51586 -4.76803
454 2 -1.098 -2.50881 -4.15253 5.04552 0.592254 8.30981 2.7114
455 2 -1.098 0.156821 -6.94468 5.17363 1.11282 -1.29722 0.759929
456 1 2.196 -3.45615 -7.82298 6.65696 -2.95093 5.24777 0.274529
457 1 2.196 -1.28137 -5.62395 7.98882 -2.91103 3.43899 2.29069
458 2 -1.098 -2.17085 -6.43581 6.49937 -7.79917 -0.612907 -4.95322
459 2 -1.098 -4.78066 -9.2672 6.70861 8.33091 -6.7418 -0.961116
460 2 -1.098 -2.42497 -4.1891 7.91322 -5.80028 1.10808 5.22895
461 2 -1.098 -0.0176636 -7.05988 8.1043 -2.05623 -0.766429 2.6404
462 1 2.196 -3.7829 -7.97734 9.47397 -0.395141 0.0586417 -1.77204
463 1 2.196 -2.2212 -6.5124 11.1799 0.721274 -4.83303 -0.376863
464 2 -1.098 -2.27395 -6.53346 9.24388 2.01469 -9.9536 -2.72874
465 2 -1.098 -5.52287 -8.82663 9.49121 1.37517 0.233161 -1.02164
466 2 -1.098 -2.41167 -4.57577 10.9115 -2.16344 1.07643 3.92373
467 2 -1.098 -0.355975 -6.57647 11.1089 4.21575 -1.43033 1.78115
468 2 -1.098 -1.69578 -6.12877 13.0429 -2.46072 1.42675 3.71398
469 2 -1.098 0.654672 -2.06279 14.006 -0.466696 2.95121 -3.43928
470 1 2.196 -2.8572 -3.35035 -13.8366 -2.82434 2.74936 1.27578
471 1 2.196 -1.21306 -0.899609 -12.4617 -3.48836 -1.39578 -5.77978
472 2 -1.098 -2.10301 -1.76946 -13.8203 0.771633 -0.909206 0.694644
473 2 -1.098 -2.57669 0.442524 -12.314 -2.35001 4.02589 -2.67981
474 2 -1.098 -0.0549688 -2.41879 -12.2992 -0.312952 -7.51492 -5.35138
475 1 2.196 -3.62194 -3.40102 -10.9957 -0.469597 -1.32176 2.1931
476 1 2.196 -1.30032 -1.04709 -9.50439 0.483977 2.49996 -0.856988
477 2 -1.098 -2.34389 -1.90624 -11.0622 2.665 2.604 -12.4276
478 2 -1.098 -5.16619 -4.92651 -11.1088 -5.20991 1.05613 -0.339665
479 2 -1.098 -2.5584 0.322551 -9.34432 -3.34239 -6.46732 -6.39749
480 2 -1.098 0.101563 -2.36108 -9.39025 -5.1591 1.60713 7.33683
481 1 2.196 -3.46453 -3.36789 -8.01617 3.6359 0.884807 -0.901361
482 1 2.196 -1.23472 -1.04941 -6.50131 0.218846 0.445678 -3.59929
483 2 -1.098 -2.1983 -1.93574 -8.01029 2.66452 7.3124 2.33732
484 2 -1.098 -4.84842 -4.74526 -8.06104 -0.513967 -1.93959 -3.10896
485 2 -1.098 -2.5694 0.27976 -6.45204 2.69922 -4.33525 1.18398
486 2 -1.098 0.00733809 -2.44871 -6.48344 -1.15954 -13.0439 2.92936
487 1 2.196 -3.41077 -3.24839 -5.02855 -4.3965 -1.25952 0.00414857
488 1 2.196 -1.13153 -1.00294 -3.63254 1.45139 2.39336 2.91341
489 2 -1.098 -2.10988 -1.8856 -5.05291 3.32421 -2.75397 -0.680151
490 2 -1.098 -4.6546 -4.66072 -5.02722 5.69911 -2.83524 -0.231276
491 2 -1.098 -2.46358 0.305258 -3.66454 1.39246 3.15955 4.11803
492 2 -1.098 0.156636 -2.39565 -3.62772 -6.23323 2.00923 3.42077
493 1 2.196 -3.40233 -3.24944 -2.16984 1.81399 -4.21914 -1.40031
494 1 2.196 -1.16128 -1.06262 -0.760412 1.37021 0.696619 -4.34204
495 2 -1.098 -1.95533 -2.0507 -2.20044 3.40766 -7.59341 -3.98424
496 2 -1.098 -4.73903 -4.69851 -2.22521 3.56297 -0.393591 5.69407
497 2 -1.098 -2.54258 0.303612 -0.740333 -2.58854 3.14025 -4.64983
498 2 -1.098 0.262287 -2.35378 -0.741826 -10.5696 0.115731 4.12583
499 1 2.196 -3.34761 -3.28669 0.728595 -0.691278 0.340249 -0.188879
500 1 2.196 -1.09677 -1.09793 2.13335 -2.52909 0.876898 1.03873
501 2 -1.098 -2.01135 -1.95164 0.637279 -3.97523 -4.61376 -1.02339
502 2 -1.098 -4.57816 -4.73362 0.721555 -6.83854 4.92725 2.85726
503 2 -1.098 -2.38774 0.308736 2.14163 3.46145 -0.389132 0.739873
504 2 -1.098 0.230617 -2.53174 2.11577 1.13884 -1.5471 4.99238
505 1 2.196 -3.39412 -3.19922 3.66892 -1.80359 -1.40217 1.79313
506 1 2.196 -1.13168 -1.00513 5.03801 0.831802 2.83295 -2.81117
507 2 -1.098 -2.07864 -1.94306 3.61606 1.47137 -4.54295 3.29722
508 2 -1.098 -4.6182 -4.65305 3.74238 5.38263 10.5447 2.82331
509 2 -1.098 -2.54388 0.264783 5.01488 -5.35467 -0.828079 1.87185
510 2 -1.098 0.223535 -2.42839 5.06196 4.13569 -2.96709 1.12645
511 1 2.196 -3.30714 -3.37018 6.52168 -1.62282 0.974744 -3.10815
512 1 2.196 -1.20471 -1.03889 7.83749 4.92102 -1.28822 2.65353
513 2 -1.098 -2.03249 -1.94325 6.42078 3.54881 2.4306 -5.42604
514 2 -1.098 -4.71168 -4.73122 6.54325 -1.94328 0.192106 -3.47978
515 2 -1.098 -2.5983 0.277634 8.03217 -4.46269 -0.612802 -4.20046
516 2 -1.098 0.185395 -2.46065 7.86125 4.78823 1.32535 0.541436
517 1 2.196 -3.11598 -3.47844 9.47149 -2.1377 1.55158 -4.89945
518 1 2.196 -1.15266 -1.01911 10.7629 0.281339 2.15991 -3.38069
519 2 -1.098 -1.96692 -1.9744 9.33933 3.77454 -4.63545 0.589707
520 2 -1.098 -4.61908 -4.69273 9.408 -4.84133 -4.38931 3.30535
521 2 -1.098 -2.52501 0.26327 10.8561 -6.52181 -1.39947 -4.06245
522 2 -1.098 0.210359 -2.3125 10.8395 0.382722 1.96878 -6.12633
523 1 2.196 -2.38274 -3.91767 12.7236 1.1327 -0.11284 -3.24066
524 1 2.196 -1.12031 -1.48152 13.8328 1.42316 -0.418587 2.42718
525 2 -1.098 -1.88269 -2.07525 12.1825 -4.3198 -7.10603 0.807807
526 2 -1.098 -4.15599 -4.4152 12.6424 -6.50918 -3.52642 0.711103
527 2 -1.098 0.3044 2.09997 13.7677 0.335225 -1.46735 1.11796
528 2 -1.098 2.35464 -1.81012 12.263 6.72615 0.535695 2.11167
529 1 2.196 -3.57077 1.46851 -13.7461 -2.01831 7.19074 1.24051
530 1 2.196 -1.11361 3.37045 -12.2483 -2.21611 2.57822 4.64752
531 2 -1.098 -2.00725 2.64372 -13.763 4.39765 0.51759 -1.31463
532 2 -1.098 -4.53725 -0.155826 -13.846 -8.41115 4.3761 -0.297025
533 2 -1.098 -4.93803 2.6741 -14.2472 0.550111 4.11027 -5.33804
534 2 -1.098 0.208745 2.00685 -12.3333 -0.441089 -1.95735 1.88531
535 1 2.196 -3.40019 1.18701 -10.7612 -1.99211 4.1157 -3.12369
536 1 2.196 -1.16847 3.36822 -9.40336 -1.89569 -1.55832 0.200292
537 2 -1.098 -1.95327 2.4703 -10.8492 1.27917 8.74277 -9.54772
538 2 -1.098 -4.72598 -0.255639 -10.8733 -5.41359 -2.45414 3.80487
539 2 -1.098 -2.68373 4.5934 -9.57288 2.30434 0.278305 -1.28113
540 2 -1.098 0.101922 1.99266 -9.32887 -4.93848 6.32503 0.766571
541 1 2.196 -3.47935 1.16154 -7.92358 -2.56387 -2.84798 0.490686
542 1 2.196 -1.21342 3.33913 -6.46322 1.64 0.413695 2.76999
543 2 -1.098 -2.09762 2.4752 -7.92633 -0.242646 -1.55353 2.24224
544 2 -1.098 -4.78465 -0.319691 -8.0172 -1.256 -2.48746 1.45281
545 2 -1.098 -2.59125 4.68684 -6.55434 -4.39774 -5.46428 -5.02628
546 2 -1.098 0.171902 1.98192 -6.542 -2.80701 -4.78569 -0.0795198
547 1 2.196 -3.42568 1.22174 -5.01326 -1.66237 0.661842 4.5644
548 1 2.196 -1.21989 3.47386 -3.61417 -1.03171 3.10661 1.29932
549 2 -1.098 -2.07722 2.59523 -5.05847 2.31321 0.636268 1.28043
550 2 -1.098 -4.74065 -0.170641 -5.05417 -4.07888 -4.26771 1.71652
551 2 -1.098 -2.59546 4.72771 -3.63953 2.39019 -6.20381 2.05857
552 2 -1.098 0.218251 2.20053 -3.65544 2.58201 -0.982805 -5.21335
553 1 2.196 -3.36753 1.15779 -2.16414 -1.57163 -0.616351 1.10801
554 1 2.196 -1.19106 3.44929 -0.745732 -2.68816 -2.87424 -1.08229
555 2 -1.098 -2.0721 2.53569 -2.17856 0.717106 -5.1549 3.49044
556 2 -1.098 -4.7633 -0.185252 -2.23944 4.45392 3.05638 -1.61976
557 2 -1.098 -2.62909 4.70944 -0.705126 3.02508 5.62465 0.289922
558 2 -1.098 0.16118 2.06766 -0.729658 0.511146 8.19348 -2.73486
559 1 2.196 -3.46394 1.16426 0.743184 0.887165 -1.04156 -1.62203
560 1 2.196 -1.11698 3.44544 2.18777 2.32304 -0.810575 0.849782
561 2 -1.098 -2.05874 2.48621 0.811355 -0.153062 -6.20506 1.33853
562 2 -1.098 -4.7434 -0.194271 0.766598 0.409175 -0.599068 0.154319
563 2 -1.098 -2.49071 4.93842 2.30382 -5.40691 -3.40161 -1.44904
564 2 -1.098 0.233521 2.11822 2.17575 3.76569 -4.87218 1.98647
565 1 2.196 -3.38881 1.17861 3.58507 -0.496425 3.62354 2.48312
566 1 2.196 -1.10122 3.45352 5.02502 0.900032 -0.0317882 0.346701
567 2 -1.098 -2.04489 2.59832 3.6113 -4.78004 -1.01025 -2.08616
568 2 -1.098 -4.74117 -0.208943 3.54494 -6.17217 3.42818 -1.39774
569 2 -1.098 -2.52086 4.8501 5.16618 -0.755148 2.7487 -2.94872
570 2 -1.098 0.177776 2.03817 5.01188 0.829378 -6.21854 0.0409386
571 1 2.196 -3.44384 1.2097 6.49004 3.19017 0.767385 -1.57372
572 1 2.196 -1.12719 3.45443 7.94411 0.737093 -5.32067 -1.61002
573 2 -1.098 -2.0882 2.58808 6.46398 -7.54206 -2.04631 0.455421
574 2 -1.098 -4.73842 -0.163976 6.49197 -2.36106 4.50504 -0.164499
575 2 -1.098 -2.50799 4.83091 8.08635 -0.857795 -1.92644 3.60018
576 2 -1.098 0.258316 2.09249 7.83516 -6.55378 -3.09867 -0.452351
577 1 2.196 -3.55122 1.13647 9.48993 4.48106 -1.1667 -0.229887
578 1 2.196 -1.1903 3.2389 10.823 1.14158 1.35324 2.00486
579 2 -1.098 -2.1721 2.63745 9.33384 1.19436 0.9188 2.82225
580 2 -1.098 -4.90814 -0.226073 9.60544 3.31303 -1.22567 -5.04376
581 2 -1.098 -2.49844 4.58443 10.9955 -4.84155 -1.27329 -2.1827
582 2 -1.098 0.127477 1.89897 10.8047 -2.08536 -5.62382 -2.8402
583 1 2.196 -3.18793 0.807886 12.4867 1.43776 -1.04677 0.368455
584 1 2.196 -1.1318 3.213 13.719 3.08134 1.84307 -0.838181
585 2 -1.098 -1.9467 2.26737 12.3636 3.02538 2.72205 0.596207
586 2 -1.098 -2.20436 0.149037 13.926 -2.21789 -4.81208 -2.10506
587 2 -1.098 1.7117 4.29224 14.0278 -4.20971 5.89803 1.2508
588 1 2.196 -1.91043 6.85492 -12.5933 -3.40322 0.52969 -2.83163
589 2 -1.098 -0.0828509 6.73223 -12.2474 -3.84994 3.53859 1.69515
590 1 2.196 -3.51374 5.59798 -10.9478 -2.03419 -2.11343 -3.82178
591 1 2.196 -1.13862 7.95101 -9.42316 -1.82395 1.98968 0.805483
592 2 -1.098 -3.80863 6.7388 -12.507 2.53147 -2.61463 10.5815
593 2 -1.098 -4.97746 4.4291 -11.0863 -0.351801 2.35037 1.42396
594 2 -1.098 -2.54111 9.26498 -9.46852 1.70011 -2.4608 3.02588
595 2 -1.098 0.250071 6.61772 -9.51852 -10.2688 1.76576 -4.26416
596 1 2.196 -3.37935 5.63034 -8.06167 2.59106 -0.424777 -3.09363
597 1 2.196 -1.11924 7.86582 -6.54235 -0.403116 -2.75133 -0.887898
598 2 -1.098 -1.95112 6.85812 -8.0003 -0.747723 -3.274 2.31752
599 2 -1.098 -4.87361 4.38333 -8.11317 6.1639 4.97969 7.33068
600 2 -1.098 -2.54536 9.17097 -6.66336 -0.734157 -1.95505 -2.4281
601 2 -1.098 0.294099 6.53674 -6.55764 2.29499 1.47736 -2.38772
602 1 2.196 -3.45758 5.64732 -5.06778 -0.944427 1.26584 5.08979
603 1 2.196 -1.1355 7.86449 -3.74359 0.0155827 1.95883 -1.51836
604 2 -1.098 -2.06629 6.89245 -5.09208 -0.352435 -0.95069 4.12757
605 2 -1.098 -4.87154 4.30306 -5.20205 -0.151875 -2.29561 4.24324
606 2 -1.098 -2.50571 9.1312 -3.64089 -1.69814 -1.74144 4.56193
607 2 -1.098 0.162208 6.49248 -3.65773 -1.45007 5.7888 -0.795238
608 1 2.196 -3.49871 5.71044 -2.16685 1.98897 -0.898308 1.88195
609 1 2.196 -1.05328 7.95987 -0.776461 -3.39215 0.883212 3.6425
610 2 -1.098 -2.06816 6.96146 -2.17995 3.52505 3.73124 -8.90588
611 2 -1.098 -4.74522 4.26014 -2.06946 2.29309 -3.58167 -3.71751
612 2 -1.098 -2.6188 9.12303 -0.666267 3.12719 1.35943 -5.27308
613 2 -1.098 0.2091 6.61379 -0.723983 -7.97002 1.40538 -6.1227
614 1 2.196 -3.4456 5.72076 0.791059 0.483581 2.31487 -5.4913
615 1 2.196 -1.22539 7.78111 2.25267 2.55514 0.330309 0.563395
616 2 -1.098 -1.96275 6.90732 0.738288 -0.0394471 -1.50034 1.04849
617 2 -1.098 -4.76922 4.34358 0.731656 3.26527 0.80977 -1.59412
618 2 -1.098 -2.60921 9.12882 2.25655 1.72198 1.25981 -1.77661
619 2 -1.098 0.24651 6.46189 2.23388 -2.5524 4.0066 -3.44868
620 1 2.196 -3.48648 5.6743 3.761 0.884647 1.62818 0.41635
621 1 2.196 -1.09876 7.79391 5.15165 0.142972 0.941576 -3.00875
622 2 -1.098 -2.09912 6.93773 3.81457 1.19029 -2.53426 6.8891
623 2 -1.098 -4.83143 4.30394 3.62195 7.0864 -2.11958 2.57442
624 2 -1.098 -2.5222 9.20678 5.15815 -0.598124 5.91827 9.29201
625 2 -1.098 0.280706 6.45464 5.05083 0.882729 -0.682243 1.87031
626 1 2.196 -3.40441 5.59116 6.60061 -2.47007 -4.31765 3.31969
627 1 2.196 -1.04944 7.8819 8.04361 4.91139 0.563931 -3.66817
628 2 -1.098 -2.05349 7.02659 6.60587 -6.14437 3.38671 -3.67899
629 2 -1.098 -4.78956 4.21052 6.67531 11.1994 1.49406 -6.23668
630 2 -1.098 -2.39865 9.18396 8.17072 1.8391 -0.306665 -2.84084
631 2 -1.098 0.185359 6.42556 7.90912 6.9162 0.74346 -5.85763
632 1 2.196 -3.37973 5.56917 9.51242 1.2484 -3.63101 5.27249
633 1 2.196 -1.1041 7.67089 11.1004 -0.287194 1.19528 3.45007
634 2 -1.098 -1.96587 6.87785 9.48055 -6.12068 -0.650348 -2.71167
635 2 -1.098 -4.91897 4.34747 9.46604 -2.35053 1.62941 2.07786
636 2 -1.098 -2.19784 9.2547 11.0493 3.91629 -1.187 5.03621
637 2 -1.098 0.306242 6.41175 11.142 -5.10795 -8.40463 4.32571
638 1 2.196 -3.14003 5.36234 12.5695 0.421701 -0.20377 0.0709484
639 2 -1.098 -1.90733 6.80106 12.4856 0.310713 -1.82738 -6.49097
640 2 -1.098 -4.78121 4.41797 12.4204 -0.48058 -3.40177 -0.0774499
641 2 -1.098 -0.0726075 11.5161 -8.68153 -2.05699 -1.51074 -0.468495
642 1 2.196 -3.51761 10.1142 -8.05462 0.712625 -0.268658 1.5108
643 1 2.196 -1.0686 12.1159 -6.89887 0.66654 0.037248 -3.90696
644 2 -1.098 -2.67604 11.8228 -7.87869 -6.67153 2.07251 12.5638
645 2 -1.098 -4.82281 8.80158 -8.31956 3.73707 3.18612 -3.50634
646 2 -1.098 0.254296 10.8315 -6.49521 3.0071 5.64592 -0.746913
647 1 2.196 -3.39109 10.082 -5.06808 0.975311 3.97008 -1.34766
648 1 2.196 -0.963343 12.3711 -3.89545 2.49176 -2.15823 -1.43778
649 2 -1.098 -2.04218 11.3033 -5.22709 -2.28343 7.46069 -2.09197
650 2 -1.098 -4.60367 8.59801 -5.0757 -0.817883 -2.27393 -5.85545
651 2 -1.098 -2.37849 13.5605 -3.86105 0.547344 2.75697 -2.1338
652 2 -1.098 0.236927 10.7867 -3.76941 8.15659 -4.47495 -3.71056
653 1 2.196 -3.53621 9.98439 -2.19678 -8.14512 2.54223 1.52083
654 1 2.196 -1.25056 12.1629 -0.878893 -3.70107 -0.088687 0.748197
655 2 -1.098 -2.13854 11.3435 -2.38301 0.0877237 2.19147 7.33313
656 2 -1.098 -4.77617 8.59163 -2.10487 -2.49696 2.15178 3.64627
657 2 -1.098 -2.87935 13.3106 -0.929628 -1.75529 -2.82917 -6.09062
658 2 -1.098 0.152333 10.8104 -0.729058 0.968421 -5.36908 -0.647696
659 1 2.196 -3.44919 9.97125 0.802646 0.878619 -5.21085 4.23496
660 1 2.196 -1.30215 12.1264 2.157 -3.07465 0.345578 -1.18041
661 2 -1.098 -2.04725 11.204 0.719524 -0.403902 0.746666 -0.435995
662 2 -1.098 -4.85368 8.65412 0.787812 4.48366 -1.32856 1.11633
663 2 -1.098 -3.19439 13.2393 1.81261 3.60447 -2.70121 -0.141167
664 2 -1.098 0.223603 10.832 2.34828 -1.08131 0.866443 -5.56113
665 1 2.196 -3.56026 9.9519 3.71859 -0.611908 -0.861434 -3.9976
666 1 2.196 -1.14031 12.0371 5.03507 -2.14254 -0.835186 -3.15076
667 2 -1.098 -2.30139 11.3582 3.63084 -4.60127 3.81718 -2.5647
668 2 -1.098 -4.83168 8.46172 3.72031 -0.11298 -10.1529 -1.30718
669 2 -1.098 0.204158 10.712 5.1978 -6.63072 3.39321 -8.61475
670 1 2.196 -3.57017 10.177 6.67086 2.68529 2.85699 0.474774
671 2 -1.098 -2.32039 11.5551 6.32136 6.66307 -0.909836 0.399155
672 2 -1.098 -4.76878 8.67289 6.75371 7.70197 -1.32957 -6.7279
673 2 -1.098 0.412171 10.6671 8.35898 -0.724734 2.05294 -2.07459
674 1 2.196 -3.31926 9.72659 9.66517 1.30318 1.24443 0.192825
675 2 -1.098 -4.84622 8.54583 9.90478 2.01572 2.11638 0.268403
676 2 -1.098 -4.35166 15.2012 -1.25613 0.122598 5.35374 5.15786
677 2 -1.098 -4.99284 14.7094 1.83277 -1.53376 -1.91247 -6.82918
678 2 -1.098 -6.28821 12.2401 3.37057 -1.93348 -4.28637 -0.483542
679 2 -1.098 2.27107 -13.0285 -4.07461 -3.91025 -3.21092 7.85517
680 2 -1.098 2.36666 -12.9057 -0.783635 4.51309 1.84742 3.96523
681 2 -1.098 2.26218 -13.1692 2.48097 -4.84282 0.707741 -0.823799
682 2 -1.098 2.24891 -13.1356 5.00463 0.278828 -6.26342 0.621657
683 1 2.196 3.49512 -9.68608 -9.61861 0.728261 -3.11994 -1.4149
684 2 -1.098 2.02561 -8.50889 -9.69503 3.75335 -3.63805 -1.27169
685 1 2.196 3.47313 -10.0151 -6.74729 -0.0436305 2.37807 0.297976
686 2 -1.098 2.71881 -10.7835 -8.39232 0.476512 -3.20272 -0.42176
687 2 -1.098 2.09489 -8.61797 -6.71078 3.56788 0.962397 4.36682
688 2 -1.098 4.82094 -11.3329 -6.48589 6.20911 9.06705 2.44883
689 1 2.196 1.26034 -12.07 -5.2481 4.392 -1.97954 3.29982
690 1 2.196 3.46458 -9.92019 -3.82975 4.87347 -2.74295 1.94343
691 2 -1.098 2.52319 -10.6959 -5.30486 5.09185 0.106207 3.73143
692 2 -1.098 2.07796 -8.53152 -3.74651 6.57568 -0.67649 -4.06449
693 2 -1.098 4.95445 -11.1933 -3.71304 0.892704 1.41134 -5.24017
694 1 2.196 1.52948 -12.4222 -2.4211 -4.88688 1.80055 -1.4367
695 1 2.196 3.33077 -9.98918 -0.864167 -0.308953 -1.56406 3.70527
696 2 -1.098 2.50872 -10.7265 -2.40935 2.64456 4.77487 -1.1635
697 2 -1.098 0.332804 -13.9053 -2.40924 -1.99399 4.05556 -0.659789
698 2 -1.098 2.02849 -8.63363 -0.758925 -3.76367 -2.66565 1.76562
699 2 -1.098 4.63414 -11.4276 -0.818065 2.26568 -5.65269 -4.65689
700 1 2.196 1.43767 -12.4154 0.821364 3.3243 -3.43221 -2.51889
701 1 2.196 3.30242 -9.99925 2.15837 2.62028 -0.0641398 0.582565
702 2 -1.098 2.35063 -10.7442 0.676523 2.93062 0.609435 8.55308
703 2 -1.098 0.218511 -13.8334 0.720537 -0.485511 -1.29705 -1.956
704 2 -1.098 1.9958 -8.59019 2.25228 0.399821 -0.719618 0.830601
705 2 -1.098 4.38279 -11.7117 2.09761 -3.88788 2.27616 6.86414
706 1 2.196 0.961034 -12.3549 3.85057 -0.440414 2.67142 0.27219
707 1 2.196 3.11286 -10.0746 5.29533 -5.79481 5.01401 -0.692259
708 2 -1.098 2.556 -11.0685 3.64803 -1.12433 -5.28942 6.7536
709 2 -1.098 -0.54945 -13.2843 4.44267 1.27477 -5.73278 -2.36813
710 2 -1.098 1.89554 -8.63886 5.17679 -0.917241 -6.02683 3.58071
711 2 -1.098 4.57006 -11.2591 5.19236 -0.369212 -5.83837 1.78207
712 1 2.196 0.406903 -11.7917 6.79407 3.36918 1.82762 0.39572
713 1 2.196 2.70082 -10.2217 8.41683 -2.86403 -0.360648 -0.959383
714 2 -1.098 2.27067 -11.0894 6.71875 3.75665 0.455106 0.851398
715 2 -1.098 1.91827 -8.54294 8.29221 -0.0039767 -4.06227 1.44804
716 2 -1.098 1.75423 -7.03276 11.9119 -0.644258 2.92288 5.75123
717 1 2.196 3.27751 -4.95616 -12.8805 -1.99735 0.186729 -0.337559
718 2 -1.098 1.72343 -4.12334 -12.3162 -8.86502 2.02556 -1.17457
719 1 2.196 0.997509 -7.80461 -11.1782 -0.080261 1.39195 7.02816
720 1 2.196 3.16903 -5.65565 -9.4945 -2.18796 -4.61282 -3.46566
721 2 -1.098 2.43412 -6.57659 -11.2584 3.92749 -4.5278 1.7433
722 2 -1.098 0.00829041 -9.42893 -10.9988 -3.61738 -0.531547 2.94895
723 2 -1.098 1.91738 -4.2659 -9.41881 -0.502114 -4.63509 3.957
724 2 -1.098 4.5775 -6.98494 -9.53706 7.60978 0.212152 -2.85858
725 1 2.196 1.02367 -7.69992 -8.15067 -0.0333051 -0.539415 -0.236254
726 1 2.196 3.3112 -5.51229 -6.62994 0.138515 -0.820198 3.40778
727 2 -1.098 2.38518 -6.43187 -8.11367 -5.72863 -3.76757 3.61876
728 2 -1.098 -0.225695 -9.18901 -8.18384 -1.89473 0.560963 -1.20297
729 2 -1.098 1.83328 -4.23282 -6.53654 2.37657 1.11613 1.99187
730 2 -1.098 4.67588 -6.83212 -6.67469 5.01643 7.49746 0.599779
731 1 2.196 1.08087 -7.83134 -5.1784 -1.94009 4.42168 -0.610092
732 1 2.196 3.26649 -5.60711 -3.67312 4.41625 -1.35189 -0.574648
733 2 -1.098 2.4535 -6.42951 -5.18358 3.21036 -0.229443 -1.77533
734 2 -1.098 -0.370909 -9.18608 -5.12454 10.287 4.02556 2.02606
735 2 -1.098 1.93131 -4.21801 -3.70938 -0.504022 -3.83719 -0.863252
736 2 -1.098 4.63786 -6.9552 -3.62823 4.47356 5.52989 2.82092
737 1 2.196 1.06634 -7.86695 -2.2256 0.0961843 -0.307493 0.488723
738 1 2.196 3.34361 -5.6075 -0.761735 -0.483756 -2.50622 -3.77632
739 2 -1.098 2.42032 -6.48836 -2.22236 -0.184843 3.89238 0.0713938
740 2 -1.098 -0.107357 -9.25378 -2.30045 -0.258157 2.4388 -0.11715
741 2 -1.098 1.96118 -4.23449 -0.821212 1.38725 4.90741 5.07992
742 2 -1.098 4.71939 -6.91202 -0.839147 6.05388 -4.20227 -2.84866
743 1 2.196 1.07552 -7.73689 0.675015 0.622006 2.23481 0.255042
744 1 2.196 3.32331 -5.66986 2.21848 -2.48394 1.89897 -1.63082
745 2 -1.098 2.45222 -6.52603 0.689372 -10.1167 -10.8574 0.0669073
746 2 -1.098 -0.0551451 -9.27583 0.770292 4.3296 -1.91475 -3.9466
747 2 -1.098 1.94485 -4.31243 2.15222 -3.46295 -3.42099 -2.48602
748 2 -1.098 4.56853 -7.04198 2.09763 -6.8548 5.73195 -5.19456
749 1 2.196 1.01399 -7.79145 3.6444 3.03855 -1.19003 1.53118
750 1 2.196 3.28306 -5.58004 5.15196 1.94639 -2.33561 -2.56857
751 2 -1.098 2.39467 -6.46982 3.66347 5.12633 5.01795 0.586146
752 2 -1.098 -0.311707 -9.16001 3.66528 -3.79672 -1.96423 -3.91962
753 2 -1.098 2.05312 -4.20436 5.03167 3.8277 -9.57564 -4.32436
754 2 -1.098 4.51056 -7.03863 5.25106 0.605488 6.22718 -0.397933
755 1 2.196 0.996326 -7.77599 6.74279 4.76867 -1.52031 -3.44164
756 1 2.196 3.4042 -5.45325 8.19666 -0.540168 2.76616 -1.0435
757 2 -1.098 2.32562 -6.29223 6.74893 -0.446181 1.91906 -0.779254
758 2 -1.098 -0.233296 -9.30459 6.83044 -7.15883 -8.59545 7.99483
759 2 -1.098 2.0769 -4.07195 7.97048 1.22747 -4.48269 -3.38423
760 2 -1.098 4.47197 -7.09534 8.2175 3.62765 -1.43899 2.76231
761 1 2.196 0.857885 -7.31533 9.8073 -1.55815 0.310542 -4.54986
762 1 2.196 2.97324 -5.67538 11.4414 -1.82418 1.94836 2.99128
763 2 -1.098 2.35839 -6.15697 9.67524 4.57419 -2.62936 -3.20845
764 2 -1.098 0.00498826 -8.93955 9.85273 3.07274 -8.451 -1.1247
765 2 -1.098 2.08638 -4.0336 10.8974 -2.59548 7.17195 1.65219
766 2 -1.098 4.69499 -7.18973 11.1108 3.39032 0.782464 2.69304
767 1 2.196 0.240656 -5.9596 12.7857 -4.42389 3.51438 0.583679
768 2 -1.098 1.8536 -4.87008 13.0694 1.03098 1.96439 2.8516
769 2 -1.098 4.38122 -2.25512 13.8823 -0.888042 3.51008 1.8668
770 1 2.196 0.980352 -3.16613 -13.9226 -4.03516 -1.87509 4.25094
771 1 2.196 3.4398 -1.18196 -12.4956 2.60062 -3.24372 -0.630095
772 2 -1.098 2.34566 -4.41611 -14.4783 2.36628 -0.120357 3.97233
773 2 -1.098 -0.923751 -4.32549 -13.8793 -0.722856 7.65483 -5.82702
774 2 -1.098 2.04884 0.293744 -12.1934 -2.83336 -6.82962 5.21451
775 2 -1.098 4.11561 -3.09151 -12.4877 1.82919 -1.77478 6.65516
776 1 2.196 0.96782 -3.18658 -10.8104 1.65399 1.22757 0.308593
777 1 2.196 3.35286 -1.08231 -9.32595 2.76887 -1.30805 3.00416
778 2 -1.098 2.45145 -1.94997 -10.8429 -3.98135 1.13434 0.127453
779 2 -1.098 -0.350271 -4.56053 -10.8082 -1.56496 -1.79368 -3.29458
780 2 -1.098 1.90489 0.175592 -9.40443 -2.07718 0.0382791 -3.22351
781 2 -1.098 4.61095 -2.4863 -9.58355 6.05867 -0.149717 1.57626
782 1 2.196 1.01932 -3.32995 -7.94003 -0.451796 0.588952 -0.833714
783 1 2.196 3.34085 -1.06297 -6.43954 4.49643 1.67267 -2.57638
784 2 -1.098 2.3641 -1.97075 -7.86419 -1.87837 5.91116 -1.28876
785 2 -1.098 -0.364664 -4.70089 -8.04675 -3.74394 -4.85057 4.03917
786 2 -1.098 1.92747 0.224452 -6.44675 3.83903 -5.9689 -0.665938
787 2 -1.098 4.67022 -2.48728 -6.59258 2.03449 0.816521 -1.84133
788 1 2.196 1.00341 -3.30993 -5.09143 -0.968165 2.16362 2.35535
789 1 2.196 3.44623 -1.02336 -3.64194 0.854725 -1.21406 0.710544
790 2 -1.098 2.3919 -1.93452 -5.00429 5.17542 -1.91587 1.90466
791 2 -1.098 -0.255517 -4.71105 -5.10989 5.0273 -1.89937 -3.33644
792 2 -1.098 1.9322 0.314909 -3.65504 2.7891 -0.587314 -2.62267
793 2 -1.098 4.71794 -2.40532 -3.62819 0.00261156 0.54415 -3.95806
794 1 2.196 1.07847 -3.25068 -2.23741 -1.29903 -0.435669 -3.09154
795 1 2.196 3.3284 -1.10034 -0.745581 1.45815 0.542377 1.1674
796 2 -1.098 2.47419 -1.99675 -2.26865 3.95385 -5.53356 -2.15983
797 2 -1.098 -0.314911 -4.63212 -2.20059 4.06402 4.28527 1.27676
798 2 -1.098 1.99825 0.303296 -0.789784 3.37094 2.60367 -1.37937
799 2 -1.098 4.64681 -2.51505 -0.731651 2.0839 0.185499 2.33086
800 1 2.196 1.09116 -3.39794 0.633797 -1.98879 -3.09939 -1.23956
801 1 2.196 3.4027 -1.0939 2.14421 -3.39591 1.01 0.346533
802 2 -1.098 2.50042 -1.98494 0.770449 2.53885 0.186758 -5.07922
803 2 -1.098 -0.23844 -4.69354 0.608793 -2.83257 -3.15044 -5.78518
804 2 -1.098 1.95952 0.271057 2.12282 5.46352 -5.69733 2.18022
805 2 -1.098 4.69402 -2.47983 2.22957 -0.35715 -2.58456 0.0236861
806 1 2.196 1.20612 -3.35429 3.55904 1.67955 -0.769801 -1.99777
807 1 2.196 3.41554 -1.04843 5.01368 1.94098 3.79174 -1.81004
808 2 -1.098 2.48378 -2.01877 3.59508 -0.992232 -0.243473 -3.79583
809 2 -1.098 -0.153372 -4.67928 3.66398 -6.30218 -6.09887 -3.56274
810 2 -1.098 1.98456 0.256803 4.9423 4.44188 1.95011 1.05496
811 2 -1.098 4.74026 -2.43307 5.20859 -2.96759 3.18634 -3.77945
812 1 2.196 1.11085 -3.40913 6.45308 3.91632 -1.70311 1.03956
813 1 2.196 3.37812 -1.10503 7.84354 2.41764 0.27436 5.83837
814 2 -1.098 2.46442 -2.00302 6.46797 5.62517 -0.534081 -1.69721
815 2 -1.098 -0.235816 -4.73465 6.54579 3.22168 -0.391015 0.342915
816 2 -1.098 1.98974 0.213587 7.91681 -6.54116 2.98499 0.0747686
817 2 -1.098 4.67584 -2.52399 8.08949 3.31054 -8.21111 -5.15287
818 1 2.196 1.07284 -3.25108 9.34795 -2.5744 1.45874 3.21993
819 1 2.196 3.27785 -1.05125 10.7128 0.681375 2.76504 -0.718252
820 2 -1.098 2.41668 -1.94091 9.40312 0.603531 -0.666533 10.4435
821 2 -1.098 -0.127205 -4.76952 9.23837 0.0694333 3.44753 0.0243534
822 2 -1.098 1.9295 0.291984 10.7292 1.86001 5.13003 -0.654629
823 2 -1.098 4.64169 -2.34956 10.909 1.21582 1.2351 -0.977378
824 1 2.196 1.09845 -3.13553 12.3013 -0.650421 -0.170915 -2.49419
825 1 2.196 3.09115 -0.987348 13.7209 -2.26108 2.38168 2.16826
826 2 -1.098 4.21693 -0.0938395 12.347 -3.42078 3.6256 -4.88819
827 2 -1.098 -0.346541 -4.14264 12.6582 7.9209 0.264427 3.96977
828 2 -1.098 2.17875 0.581177 13.7643 0.824667 -1.15472 3.60885
829 1 2.196 1.20464 0.954922 -13.6918 0.798762 -2.908 0.342516
830 1 2.196 3.03576 3.27092 -12.4276 -0.760253 1.84682 0.321766
831 2 -1.098 2.28693 2.30277 -13.9176 0.953783 -1.37192 4.00773
832 2 -1.098 -0.0960178 -0.290807 -13.8465 -6.47589 -2.48787 -3.94087
833 2 -1.098 1.69272 4.51271 -12.375 8.44345 -2.12584 -2.68034
834 2 -1.098 4.52303 2.09539 -12.3743 -2.60709 -0.31635 -0.978013
835 1 2.196 1.04552 1.13202 -10.7634 0.355976 3.04528 2.84779
836 1 2.196 3.29282 3.44543 -9.46839 1.1085 -1.17838 -1.82818
837 2 -1.098 2.30435 2.56567 -10.7292 -2.68494 1.88718 6.53701
838 2 -1.098 -0.389442 -0.165983 -10.9499 -5.05482 7.50672 4.91128
839 2 -1.098 1.97063 4.78006 -9.49758 -3.63558 1.48288 -5.13423
840 2 -1.098 4.6097 2.05158 -9.43262 2.79965 -4.39108 -4.51458
841 1 2.196 1.13036 1.11701 -7.93484 0.216301 2.03153 0.143476
842 1 2.196 3.36859 3.43915 -6.50338 2.37003 1.03193 1.6584
843 2 -1.098 2.44062 2.53142 -7.99429 -4.15855 -1.81238 -5.64496
844 2 -1.098 -0.3432 -0.210081 -7.98662 -1.66272 0.729873 -4.44253
845 2 -1.098 2.02541 4.77133 -6.59827 6.78974 -0.66848 -1.47645
846 2 -1.098 4.74034 2.1332 -6.51085 -5.49145 -2.90173 -4.4138
847 1 2.196 0.995418 1.20514 -5.06933 -2.55147 -1.16089 -3.0765
848 1 2.196 3.3502 3.3972 -3.58093 4.37526 0.754308 1.0725
849 2 -1.098 2.48901 2.44788 -5.03394 -1.73051 -2.89313 -1.66862
850 2 -1.098 -0.264636 -0.183221 -5.08961 -2.4366 8.21529 3.82526
851 2 -1.098 1.98873 4.74806 -3.60094 7.69301 -2.00598 6.84032
852 2 -1.098 4.7203 2.06537 -3.64514 2.08086 13.3459 -2.33862
853 1 2.196 1.05455 1.26751 -2.21538 0.00175501 3.99178 -0.166048
854 1 2.196 3.37859 3.35207 -0.71897 2.08246 -0.809434 -0.85333
855 2 -1.098 2.39974 2.55562 -2.15858 -1.84465 -3.11056 4.91364
856 2 -1.098 -0.31634 -0.0748213 -2.21996 -1.28418 -4.32675 -4.99476
857 2 -1.098 2.00733 4.68415 -0.734874 -2.11999 -9.41079 -2.42673
858 2 -1.098 4.73001 2.01681 -0.761089 -3.16053 2.15385 -3.51934
859 1 2.196 1.12732 1.18082 0.669363 -2.58199 -4.25346 2.0798
860 1 2.196 3.48445 3.36943 2.12738 -0.736332 -0.668219 2.03798
861 2 -1.098 2.49124 2.42559 0.783256 -2.7622 0.3948 -1.16301
862 2 -1.098 -0.217484 -0.220171 0.744937 3.15674 -5.34882 0.265881
863 2 -1.098 2.06217 4.68506 2.14904 -2.71178 -7.66051 7.52343
864 2 -1.098 4.88544 2.07741 2.22005 -0.344367 0.0528103 -5.6165
865 1 2.196 1.08913 1.24829 3.51443 -3.94742 1.66791 -1.46711
866 1 2.196 3.52006 3.37416 5.02111 -2.31403 0.704896 3.52285
867 2 -1.098 2.60503 2.45665 3.58057 -7.19031 3.92992 -2.16456
868 2 -1.098 -0.171669 -0.182716 3.55441 -2.55242 8.49233 -6.16114
869 2 -1.098 2.11275 4.77755 5.05549 -0.742151 -5.25762 1.25725
870 2 -1.098 4.77312 1.96897 5.044 1.02208 0.210876 2.93521
871 1 2.196 1.15671 1.1458 6.39931 -1.50548 -1.30602 2.95749
872 1 2.196 3.48471 3.5405 7.89863 0.231416 6.54964 1.10537
873 2 -1.098 2.52458 2.6382 6.52739 1.62097 2.91867 8.12127
874 2 -1.098 -0.285325 -0.078194 6.50144 -3.59998 2.1008 -2.65793
875 2 -1.098 1.98727 4.72374 8.01511 -1.33128 3.86296 -3.96388
876 2 -1.098 4.76054 2.01679 7.96301 -2.22591 1.35493 -1.47135
877 1 2.196 1.08603 1.2041 9.2905 -1.4327 2.48212 -1.73343
878 1 2.196 3.30178 3.28496 10.7655 -0.519626 0.554862 -2.62025
879 2 -1.098 2.46743 2.51442 9.33049 1.07196 4.21451 -5.33784
880 2 -1.098 -0.323568 -0.104331 9.35921 1.4192 0.208193 4.08494
881 2 -1.098 2.00809 4.69719 10.8075 -3.48831 -6.11523 -3.84105
882 2 -1.098 4.68096 1.94618 10.7721 -2.40342 1.27026 2.48234
883 1 2.196 0.929437 1.03711 12.2914 1.79524 2.03921 0.364974
884 1 2.196 2.67735 2.69468 13.9149 0.858516 -0.0288226 1.95955
885 2 -1.098 2.21357 2.44759 12.128 3.31122 -5.80065 1.14114
886 2 -1.098 -0.267571 -0.312984 12.4259 -1.65358 0.477627 2.06388
887 2 -1.098 -2.21032 4.95184 -12.3838 0.00379034 -5.51403 2.83015
888 1 2.196 1.07951 5.72525 -11.1004 1.25703 3.22225 3.41986
889 1 2.196 3.26337 7.72637 -9.5515 1.49517 3.1125 -2.70897
890 2 -1.098 2.58877 6.84127 -11.0088 0.418686 -1.93494 3.58777
891 2 -1.098 -0.309098 4.31247 -10.8067 0.28228 -0.611178 2.036
892 2 -1.098 1.98931 9.14007 -9.48348 -3.21196 -0.95871 1.93568
893 2 -1.098 4.81514 6.42945 -9.50198 -0.228865 -3.88736 6.75038
894 1 2.196 1.11487 5.67088 -8.03008 4.16766 0.829528 -2.9189
895 1 2.196 3.42875 7.80511 -6.60682 0.0670468 0.626238 -3.86378
896 2 -1.098 2.60754 6.85879 -8.05799 -3.23333 1.74396 -8.45844
897 2 -1.098 -0.308215 4.30624 -7.93272 -3.61766 2.25344 -0.138363
898 2 -1.098 2.17318 9.19275 -6.56752 1.02286 7.4595 1.39954
899 2 -1.098 4.91003 6.60464 -6.44606 6.24311 5.83629 0.39773
900 1 2.196 1.135 5.5908 -5.05578 2.8583 0.342384 -1.95001
901 1 2.196 3.52613 7.81811 -3.69383 4.13461 -1.41193 -0.722317
902 2 -1.098 2.56007 6.92295 -5.17358 -3.79788 -7.31329 1.3322
903 2 -1.098 -0.272205 4.23645 -5.12245 3.43762 -1.20271 -2.80868
904 2 -1.098 2.12154 9.19084 -3.62396 0.246373 0.0972841 0.226159
905 2 -1.098 4.83351 6.49043 -3.72796 -4.00298 2.69951 2.83197
906 1 2.196 1.1585 5.69023 -2.14623 -0.449075 -0.405306 -1.37887
907 1 2.196 3.51606 7.83196 -0.728993 -0.776259 -0.389844 -1.09574
908 2 -1.098 2.55357 6.91867 -2.14832 0.235593 -3.96522 -9.85582
909 2 -1.098 -0.292501 4.32545 -2.23249 -1.51574 -2.90685 -2.79561
910 2 -1.098 2.07016 9.17195 -0.702394 -5.00568 -1.22382 5.09398
911 2 -1.098 4.87655 6.46146 -0.740076 2.47779 2.1058 -5.12644
912 1 2.196 1.17526 5.60718 0.742931 -2.91073 -0.194465 3.85145
913 1 2.196 3.50799 7.72435 2.19975 -3.65041 3.23857 0.949627
914 2 -1.098 2.55647 6.8764 0.712762 -8.75733 -3.0649 0.46479
915 2 -1.098 -0.28648 4.28783 0.68113 0.237552 6.27987 -0.285053
916 2 -1.098 2.16453 9.17046 2.23225 4.79413 4.1848 4.54354
917 2 -1.098 4.83076 6.36544 2.05996 -5.73507 2.6909 -3.02834
918 1 2.196 1.21844 5.61549 3.60604 -0.749082 -1.27873 0.576567
919 1 2.196 3.50568 7.83349 5.05244 -1.7332 1.73333 -1.03873
920 2 -1.098 2.5369 6.91704 3.59812 -0.975217 -1.41268 1.55795
921 2 -1.098 -0.155029 4.26793 3.65989 1.98479 4.82404 -3.18705
922 2 -1.098 2.14513 9.08713 5.18869 -0.550981 -0.183668 2.01338
923 2 -1.098 4.91527 6.53843 5.04597 0.300452 0.264388 -1.48674
924 1 2.196 1.21597 5.69174 6.47041 1.92423 -0.33452 -2.02713
925 1 2.196 3.61771 7.79515 7.97535 -0.708218 0.955822 2.81406
926 2 -1.098 2.62823 6.92711 6.54225 6.78982 5.34202 5.81504
927 2 -1.098 -0.224088 4.31387 6.46193 4.38868 -0.516487 1.08632
928 2 -1.098 2.1837 9.07793 8.00252 6.00477 -2.44054 -0.829127
929 2 -1.098 4.87168 6.41083 7.88438 6.12762 0.395999 6.44129
930 1 2.196 1.0864 5.58599 9.46238 -2.85138 3.54866 2.4604
931 1 2.196 3.47614 7.59935 10.9965 -3.01449 -3.96017 1.31653
932 2 -1.098 2.49266 6.8468 9.50255 -2.8054 2.2967 4.53392
933 2 -1.098 -0.150353 4.16654 9.54065 -1.84856 -2.22975 -2.33073
934 2 -1.098 2.26969 9.01408 10.9897 -4.30763 -0.234757 2.79247
935 2 -1.098 4.96519 6.39737 11.205 -6.47669 -2.73222 3.9079
936 1 2.196 1.29006 5.36009 12.3878 -0.886664 -1.34685 -2.06295
937 2 -1.098 2.53867 6.72758 12.4093 -2.789 2.23279 4.75395
938 2 -1.098 -0.24986 4.17943 12.2845 -6.47992 -0.7324 -4.62444
939 2 -1.098 -2.17702 7.03752 -10.6993 2.56221 -8.90653 7.2054
940 1 2.196 1.13052 10.2398 -8.19742 1.21172 0.957775 2.22805
941 1 2.196 3.4246 12.1901 -6.41189 -1.56723 -1.00966 -3.19616
942 2 -1.098 2.56237 11.5866 -7.89739 2.7397 -1.31916 -5.01987
943 2 -1.098 -0.266191 8.78997 -8.00956 1.11293 -0.745343 4.3659
944 2 -1.098 4.93336 10.9841 -6.70463 3.07803 -2.6283 3.4712
945 1 2.196 1.2319 9.97097 -5.09766 -2.41791 4.02286 -3.02362
946 1 2.196 3.59096 12.357 -3.44202 1.10237 2.56265 2.16542
947 2 -1.098 2.64617 11.379 -4.98146 -1.45039 -4.36535 4.66353
948 2 -1.098 -0.0674436 8.64264 -5.11214 -0.250154 0.0602917 -6.32787
949 2 -1.098 4.04157 13.2395 -5.03026 -4.1488 -6.70096 -2.04575
950 2 -1.098 5.00244 10.9418 -3.6943 10.0596 5.8999 -6.08163
951 1 2.196 1.20503 10.1237 -2.22323 -1.18652 -3.92713 -1.2805
952 1 2.196 3.55875 12.3301 -0.629829 -3.4962 -2.07364 -0.2994
953 2 -1.098 2.57565 11.3934 -2.22791 -0.882784 -1.0827 -1.37716
954 2 -1.098 -0.177262 8.77325 -2.31008 0.637412 -0.640829 -4.00292
955 2 -1.098 2.30178 13.6853 -0.745899 1.53221 2.62469 -1.06035
956 2 -1.098 4.719 10.7724 -0.802266 -2.68173 -3.34687 -3.00146
957 1 2.196 1.16617 9.97495 0.790095 -0.404504 3.83546 -1.18022
958 1 2.196 3.7057 12.2806 2.60292 -1.27973 -0.98824 -4.16114
959 2 -1.098 2.21344 11.5945 0.587978 2.16772 -0.758612 3.40247
960 2 -1.098 -0.261112 8.69693 0.815809 1.76054 1.64586 5.84106
961 2 -1.098 2.08253 13.2834 2.48303 -1.42283 0.60811 -1.82453
962 2 -1.098 4.84551 10.8222 2.26755 -0.864963 -2.55826 -6.20086
963 1 2.196 1.27949 9.96466 3.73262 1.00903 -0.797428 0.258891
964 1 2.196 3.98257 11.9651 5.54914 -3.51878 -1.96734 0.969867
965 2 -1.098 2.69322 11.2388 3.91173 -3.49305 6.35237 5.75114
966 2 -1.098 -0.25703 8.67951 3.66805 -1.21966 -4.55351 -0.691691
967 2 -1.098 5.08039 10.6066 4.90444 3.01704 5.32692 4.1412
968 1 2.196 1.19521 10.1405 6.72081 -2.47884 0.752057 2.30667
969 2 -1.098 2.45952 11.4868 6.61889 -0.401064 -1.71422 -1.2932
970 2 -1.098 -0.14103 8.60592 6.5901 1.7563 7.4426 3.80082
971 2 -1.098 5.19632 11.6653 7.07362 -0.83822 1.99772 7.79374
972 1 2.196 1.3761 9.64138 9.5136 -3.5398 0.146254 -1.30133
973 2 -1.098 -0.176024 8.53839 9.71852 2.40366 5.38504 -3.74309
974 2 -1.098 -0.312903 13.1948 -5.47963 2.04195 4.69275 1.49856
975 2 -1.098 -0.321916 12.9717 -2.24585 3.22043 -2.05923 0.826791
976 1 2.196 1.43434 13.5185 0.841534 0.431292 1.54001 2.18709
977 2 -1.098 -0.405917 13.1011 0.627307 7.30321 2.30519 3.97047
978 2 -1.098 -0.71872 13.1553 3.62209 -0.366653 1.2466 1.58082
979 2 -1.098 4.42544 -9.01504 -11.0422 1.39511 -7.44648 2.70057
980 1 2.196 8.21614 -8.8242 -5.3812 -3.52044 -2.95324 2.72441
981 2 -1.098 6.57065 -8.5066 -6.53928 -6.29395 0.947393 -2.37714
982 1 2.196 6.10537 -11.6282 -5.19282 -0.280728 -0.0957588 3.77371
983 1 2.196 9.75332 -8.17181 -2.40516 -0.284221 -2.5543 2.37494
984 2 -1.098 7.56174 -10.5827 -5.61199 7.21985 1.20584 7.94641
985 2 -1.098 6.67817 -8.43262 -3.92425 3.36398 -2.13397 0.808019
986 1 2.196 5.87968 -12.3728 -2.34074 0.912956 0.5098 -3.84738
987 1 2.196 7.91393 -10.0956 -0.625437 1.10855 -1.43995 2.05714
988 2 -1.098 7.17134 -10.9891 -2.00864 -0.858575 1.28588 6.00083
989 2 -1.098 6.53647 -12.9906 -3.96545 -2.58788 5.39033 7.77154
990 2 -1.098 6.59693 -8.70795 -0.80907 -4.68735 0.929181 1.37423
991 1 2.196 5.43149 -12.3145 0.650542 3.84843 -3.30294 1.01227
992 1 2.196 7.67468 -10.2446 2.32488 0.573875 0.134783 -1.21058
993 2 -1.098 6.87519 -11.0543 0.755244 1.56423 -3.32471 -1.72791
994 2 -1.098 6.16018 -13.3134 -0.704528 4.91669 2.43254 -0.727531
995 2 -1.098 6.36414 -8.87708 2.28082 -2.2806 11.4612 2.6243
996 1 2.196 3.67416 -12.7187 3.76763 0.289379 0.0491805 0.648171
997 1 2.196 6.36483 -11.8535 5.00166 0.0385997 -2.10951 1.75288
998 2 -1.098 6.97134 -11.6583 3.30505 5.62389 -3.11696 -5.0025
999 2 -1.098 6.26023 -8.73622 5.30586 1.53159 -1.40463 3.92478
1000 2 -1.098 5.38242 -13.3612 4.24491 -5.74544 -2.71159 4.18883
1001 2 -1.098 6.24224 -8.82885 8.06697 -2.8052 -5.33492 -0.695945
1002 2 -1.098 4.36743 -6.35421 -12.998 2.19809 5.40769 -1.27006
1003 1 2.196 4.98417 -7.15882 -11.4346 1.71379 -2.39671 1.20231
1004 1 2.196 7.78267 -5.56242 -9.70246 2.92543 -3.21444 0.144639
1005 2 -1.098 6.65318 -6.51669 -10.987 1.14426 4.29922 -4.59418
1006 2 -1.098 6.43573 -4.21309 -9.46789 0.708021 -6.99995 2.93032
1007 1 2.196 5.62165 -7.69049 -8.01818 4.11707 -1.49941 2.18684
1008 1 2.196 7.79548 -5.71058 -6.67795 -1.31393 1.87987 0.914849
1009 2 -1.098 7.00325 -6.49935 -8.2757 2.71063 2.5229 -3.62373
1010 2 -1.098 4.43035 -9.06976 -8.14414 -0.932089 -3.42471 -0.759929
1011 2 -1.098 6.34031 -4.31386 -6.70144 -3.3511 0.664773 -2.13632
1012 2 -1.098 8.78699 -7.33845 -6.37338 -5.15757 -1.71573 -0.826299
1013 1 2.196 5.4826 -7.66021 -5.1543 0.696041 -0.945702 3.77971
1014 1 2.196 7.84779 -5.46284 -3.70399 -0.676055 -2.00222 0.714371
1015 2 -1.098 6.79031 -6.29634 -5.13272 -2.27389 -4.59428 -5.57193
1016 2 -1.098 4.23744 -9.05572 -5.31612 6.14042 6.02919 4.15208
1017 2 -1.098 6.46592 -4.1907 -3.61945 -3.31843 5.64822 5.2756
1018 2 -1.098 9.4923 -6.65179 -3.53441 -0.252006 1.76846 4.75402
1019 1 2.196 5.73132 -7.81464 -2.26521 -2.39372 -2.51324 -4.67631
1020 1 2.196 7.82394 -5.6266 -0.672014 -4.63909 -2.31081 -0.160876
1021 2 -1.098 7.07774 -6.48903 -2.29264 -3.17524 -3.58697 -1.90113
1022 2 -1.098 4.4127 -9.17401 -2.3218 -1.62835 -4.06585 3.33153
1023 2 -1.098 6.37426 -4.35331 -0.690811 -1.98948 0.185449 1.30322
1024 2 -1.098 9.18513 -7.20644 -0.745954 -1.99173 4.05404 -1.47006
1025 1 2.196 5.55065 -7.92435 0.689194 -0.616606 0.453542 -0.061806
1026 1 2.196 7.57074 -5.73849 2.33159 0.5533 2.40313 1.09217
1027 2 -1.098 6.80704 -6.50169 0.714477 0.327773 8.11517 -3.7462
1028 2 -1.098 4.29843 -9.2515 0.638519 5.05904 -7.63626 0.344008
1029 2 -1.098 6.36843 -4.3195 2.25647 1.97003 -3.28563 4.07663
1030 2 -1.098 8.70992 -7.28745 2.33467 -10.6122 2.20782 -1.26621
1031 1 2.196 5.45808 -7.97857 3.8196 -0.607575 1.69334 1.59103
1032 1 2.196 7.65954 -5.70908 5.30212 -2.67229 0.913283 -0.151333
1033 2 -1.098 6.55747 -6.46894 3.79914 0.022136 0.616055 -1.8981
1034 2 -1.098 4.06891 -9.19003 3.76684 -4.70818 -0.79299 -0.589879
1035 2 -1.098 6.38063 -4.31928 5.19239 -1.68043 -3.9533 0.352145
1036 2 -1.098 8.5358 -7.36208 5.12298 1.19188 3.17819 3.00852
1037 1 2.196 5.25851 -7.99661 6.71227 0.209127 -0.958136 -3.96194
1038 1 2.196 7.75025 -6.10412 8.21591 0.267476 2.04482 0.2734
1039 2 -1.098 6.63858 -6.54197 6.74185 2.62075 -3.21306 2.59113
1040 2 -1.098 3.91886 -9.35807 6.83727 -3.26639 6.67675 1.75269
1041 2 -1.098 6.46933 -4.23633 8.17712 -1.15211 2.28242 -4.80345
1042 2 -1.098 8.70331 -7.65613 7.57712 -3.39236 -7.58984 6.54557
1043 1 2.196 5.28715 -8.26848 9.62309 -3.38692 -0.410275 -0.257798
1044 1 2.196 5.95884 -5.75255 10.9824 3.62734 1.97193 3.6591
1045 2 -1.098 6.6641 -6.9141 9.75413 -1.37418 -0.249664 -2.79317
1046 2 -1.098 3.99777 -9.69092 9.61824 -0.427738 0.975406 -9.99468
1047 2 -1.098 6.47112 -3.95299 11.2044 1.20457 2.24122 -3.42409
1048 1 2.196 6.69085 -1.13209 -12.9826 -0.320084 1.43312 5.51993
1049 2 -1.098 5.01958 -0.969201 -13.6092 3.20663 4.4194 -7.04462
1050 1 2.196 5.3422 -3.44255 -10.9985 0.956363 0.19193 1.76049
1051 1 2.196 8.07772 -0.168806 -9.8997 0.645007 1.17634 -1.64163
1052 2 -1.098 6.61865 -2.55538 -11.9747 -3.31848 -0.938432 3.88784
1053 2 -1.098 4.26142 -4.92635 -10.9315 -2.39598 -1.87181 0.551067
1054 2 -1.098 6.36702 0.379831 -9.45936 1.58512 -0.949005 4.73856
1055 2 -1.098 8.7437 -1.87396 -9.9121 6.32596 -2.81585 -1.00602
1056 1 2.196 5.53294 -3.28039 -8.07631 -0.213619 -1.43435 -2.18426
1057 1 2.196 7.73921 -1.04689 -6.66269 -0.887385 3.11882 3.82957
1058 2 -1.098 6.76339 -1.83339 -8.10721 2.74707 -0.213457 -2.5592
1059 2 -1.098 4.17267 -4.70721 -8.15891 2.06139 -2.06305 2.11303
1060 2 -1.098 6.32605 0.288977 -6.57385 -2.7714 -3.81844 -4.68421
1061 2 -1.098 9.0038 -2.48289 -6.87157 4.91775 3.04446 -0.222769
1062 1 2.196 5.62791 -3.38326 -5.08117 0.398505 1.39182 -0.143654
1063 1 2.196 7.82015 -1.15174 -3.62252 1.72057 1.05536 0.178079
1064 2 -1.098 6.9409 -2.08673 -5.1176 4.19283 -1.81609 1.73078
1065 2 -1.098 4.19193 -4.67123 -5.1796 1.22724 5.83678 2.55354
1066 2 -1.098 6.47684 0.196808 -3.62576 -4.36433 3.22763 -2.95816
1067 2 -1.098 9.08103 -2.56272 -3.63108 -5.3943 -1.37389 0.446104
1068 1 2.196 5.55635 -3.37909 -2.16109 1.2203 0.247383 1.7609
1069 1 2.196 7.79663 -1.14527 -0.654111 1.21247 1.85066 2.47618
1070 2 -1.098 6.91544 -2.04275 -2.12247 4.45954 0.850078 7.1445
1071 2 -1.098 4.1273 -4.64587 -2.21242 6.27365 -1.06605 -2.45414
1072 2 -1.098 6.45037 0.284919 -0.69834 -1.34805 0.40352 -0.591513
1073 2 -1.098 9.17923 -2.60279 -0.780675 4.38261 1.0119 -4.63571
1074 1 2.196 5.50109 -3.36246 0.708234 0.0717645 0.450699 -1.11059
1075 1 2.196 7.83576 -1.22159 2.19766 -0.0242389 1.71295 1.41727
1076 2 -1.098 6.90374 -2.12968 0.776111 8.87018 -4.47153 1.09047
1077 2 -1.098 4.17335 -4.76415 0.811752 1.28219 0.0352017 -0.171695
1078 2 -1.098 6.4703 0.137864 2.14066 2.96016 -0.194988 2.27081
1079 2 -1.098 9.04336 -2.78055 2.11119 -9.9202 2.63313 1.56934
1080 1 2.196 5.56973 -3.40588 3.75724 -0.653747 -1.05273 -1.03398
1081 1 2.196 7.92579 -1.19718 5.1648 1.3248 -0.666585 -0.114941
1082 2 -1.098 7.0261 -2.12421 3.71452 -0.442424 -3.18638 -6.26373
1083 2 -1.098 4.16079 -4.77164 3.67416 3.06042 0.540234 -11.0644
1084 2 -1.098 6.59884 0.172192 5.09164 -5.37433 -1.9137 0.115509
1085 2 -1.098 9.08567 -2.77538 5.19589 0.964654 2.84122 -0.825852
1086 1 2.196 5.63148 -3.44243 6.64872 -2.65823 -0.635151 4.18333
1087 1 2.196 7.95914 -1.02599 8.02622 -1.28109 0.809172 2.03568
1088 2 -1.098 6.97525 -2.09864 6.65247 5.18122 -3.93887 -1.80638
1089 2 -1.098 4.26417 -4.72883 6.63413 2.47542 2.97568 5.21346
1090 2 -1.098 6.57199 0.215523 7.87454 -0.552742 -0.911345 1.95487
1091 2 -1.098 9.06064 -2.61234 8.11923 4.94569 -4.10603 -3.55356
1092 1 2.196 5.64098 -3.31413 9.55061 0.0871568 -1.19035 0.265009
1093 1 2.196 7.74453 -0.918027 11.0649 -2.61749 -6.02829 -1.69377
1094 2 -1.098 6.94721 -1.83194 9.61323 1.26797 4.7666 -2.07357
1095 2 -1.098 4.56715 -4.88378 9.72672 -1.52921 0.651173 -3.74418
1096 2 -1.098 6.56717 0.544012 11.2061 2.92195 -0.705432 0.0578258
1097 2 -1.098 9.12157 -2.32719 11.0418 -1.49578 -0.206353 2.14683
1098 1 2.196 5.45144 -2.93119 12.554 0.445196 2.3079 -0.362963
1099 2 -1.098 6.81988 -1.71255 12.4954 3.63816 4.84488 3.47144
1100 2 -1.098 4.52658 -4.88627 12.2671 -2.88295 0.257776 0.390508
1101 2 -1.098 2.13712 -1.67619 -13.8411 2.39461 -5.27816 4.22236
1102 1 2.196 5.43865 1.28923 -10.9419 -0.358932 -0.727216 -0.745963
1103 1 2.196 7.83501 3.08807 -9.5317 0.709933 0.910538 -2.16293
1104 2 -1.098 6.84814 2.55236 -11.0061 -0.22871 2.64161 -4.06809
1105 2 -1.098 4.36816 -0.328466 -11.061 0.906494 2.9504 0.836594
1106 2 -1.098 6.56763 4.63291 -9.41553 5.22565 3.40755 3.30651
1107 2 -1.098 9.07733 1.4839 -9.65145 0.61718 -0.5927 -11.191
1108 1 2.196 5.45606 1.17451 -7.96066 1.57727 -3.80601 3.8304
1109 1 2.196 7.83265 3.16098 -6.56114 -0.0572634 -0.615387 3.464
1110 2 -1.098 6.96968 2.42395 -8.05689 4.94451 3.39579 -1.89057
1111 2 -1.098 4.1381 -0.134873 -7.89533 -0.895559 5.33929 6.0982
1112 2 -1.098 6.50571 4.64329 -6.68917 2.41133 1.17588 -0.230139
1113 2 -1.098 9.32608 2.00153 -6.67698 0.226968 -4.65615 4.94672
1114 1 2.196 5.56445 1.16951 -5.04171 -1.2203 0.22423 1.94305
1115 1 2.196 7.90144 3.32793 -3.62622 -2.62916 -0.880858 0.0402982
1116 2 -1.098 7.06746 2.40235 -5.06114 3.23915 0.0791993 1.00824
1117 2 -1.098 4.28191 -0.193591 -5.10342 -0.903384 -0.374822 -2.91668
1118 2 -1.098 6.49162 4.5969 -3.56645 5.03986 -5.60122 1.82203
1119 2 -1.098 9.13979 1.91363 -3.65216 -0.127083 -1.59944 -0.900469
1120 1 2.196 5.6333 1.16787 -2.1386 3.36026 -3.26645 0.439963
1121 1 2.196 8.03729 3.32147 -0.793792 1.6193 -0.0821035 -3.0391
1122 2 -1.098 7.05262 2.44118 -2.18985 4.02099 1.83375 -1.05719
1123 2 -1.098 4.30519 -0.252596 -2.1639 -1.80178 -0.291581 -1.64178
1124 2 -1.098 6.61921 4.58069 -0.866833 0.145752 -2.27177 -7.69308
1125 2 -1.098 9.35276 1.97992 -0.75826 3.5141 6.50782 -8.02574
1126 1 2.196 5.61052 1.17846 0.73343 0.292234 -0.651191 -4.28586
1127 1 2.196 7.91874 3.268 2.14503 1.22019 0.711055 1.42845
1128 2 -1.098 6.98858 2.43407 0.638824 -3.01187 -3.98149 -0.651941
1129 2 -1.098 4.1959 -0.251827 0.673999 -2.4141 3.27762 -9.82919
1130 2 -1.098 6.58229 4.62511 2.15482 2.44068 8.28457 1.38144
1131 2 -1.098 9.34944 1.8775 2.07353 -1.4123 -1.30423 1.08353
1132 1 2.196 5.83123 1.15154 3.65916 1.08018 2.79738 1.21174
1133 1 2.196 8.19756 3.33003 5.09708 -1.30083 -1.03938 -3.76122
1134 2 -1.098 7.29605 2.32738 3.6858 -3.44519 2.94444 -0.0973204
1135 2 -1.098 4.40236 -0.251089 3.59484 -5.41592 1.36128 -0.710391
1136 2 -1.098 6.59338 4.57981 4.99777 2.36239 -1.47785 -2.60201
1137 2 -1.098 9.3245 1.84256 5.13576 -1.71932 1.05707 2.88155
1138 1 2.196 5.66204 1.17832 6.45451 0.602301 0.633832 1.64228
1139 1 2.196 7.8538 3.30738 7.93002 2.72372 2.732 -0.100955
1140 2 -1.098 7.07399 2.50056 6.44978 -1.38257 -4.33823 1.15129
1141 2 -1.098 4.17951 -0.0661444 6.45767 -0.167291 -1.17681 3.39625
1142 2 -1.098 6.49668 4.59384 8.04644 1.06072 1.13952 -1.04591
1143 2 -1.098 9.12829 1.92696 7.82146 7.39731 -0.341158 -1.72148
1144 1 2.196 5.63703 1.04123 9.36364 -2.0432 -2.33157 0.705706
1145 1 2.196 7.77156 3.10224 10.9895 1.5764 1.90849 -0.0757129
1146 2 -1.098 7.00919 2.29308 9.47181 -1.4392 2.81628 -8.59348
1147 2 -1.098 4.31206 -0.217454 9.3545 0.886626 -4.76948 -1.06109
1148 2 -1.098 6.77651 4.74231 10.7335 -1.78616 2.3453 -3.90876
1149 2 -1.098 9.00694 1.72708 11.3568 -2.21471 -2.10965 -5.82998
1150 1 2.196 5.35771 1.44096 12.3333 -0.587656 -3.56147 -3.58108
1151 2 -1.098 6.47149 3.04808 12.3741 1.23431 6.19508 -4.08603
1152 2 -1.098 4.34025 1.91262 13.8702 0.421359 0.33542 4.29217
1153 1 2.196 5.70323 5.51861 -10.8461 0.507695 -0.288455 -0.255801
1154 1 2.196 7.90013 7.71902 -9.59176 2.2668 -1.08022 -0.736115
1155 2 -1.098 4.23592 4.23544 -11.1059 7.02453 1.52352 -5.22059
1156 1 2.196 5.62695 5.6557 -7.97641 -0.964067 -0.164862 -0.474328
1157 1 2.196 8.12398 7.91896 -6.66777 0.959592 -1.56497 2.68061
1158 2 -1.098 7.03758 6.93109 -7.94714 5.09139 -6.53362 -5.51519
1159 2 -1.098 4.21332 4.35758 -8.01419 0.733735 3.96807 -6.90218
1160 2 -1.098 6.52467 9.10793 -9.62225 4.25886 2.59347 -1.85544
1161 2 -1.098 8.77879 8.65679 -8.2796 -5.17896 0.101345 2.1058
1162 1 2.196 5.7295 5.55739 -5.1087 -0.857135 -4.18666 -2.02075
1163 1 2.196 8.07945 7.80305 -3.68747 -2.19541 4.92497 1.26443
1164 2 -1.098 7.20788 6.78958 -5.15935 -0.107526 -4.96351 4.04481
1165 2 -1.098 4.23434 4.31006 -5.0807 3.92454 -5.84611 -2.49884
1166 2 -1.098 6.65049 9.06013 -3.86774 0.816018 2.82013 1.03759
1167 2 -1.098 9.47636 6.55244 -3.60828 -5.46012 -3.30056 1.30018
1168 1 2.196 5.69623 5.59847 -2.19507 2.58608 1.83068 4.85758
1169 1 2.196 8.05051 7.74539 -0.817926 -0.156837 2.23819 1.166
1170 2 -1.098 7.14214 6.93434 -2.28195 3.32083 0.00625789 2.9239
1171 2 -1.098 4.27294 4.3128 -2.13313 1.19442 -1.68372 1.8468
1172 2 -1.098 6.66955 9.08152 -0.849372 -5.27744 -0.610409 1.23326
1173 2 -1.098 9.32949 6.34452 -0.861025 -0.942222 -1.06299 3.82432
1174 1 2.196 5.69737 5.47815 0.626438 0.87404 -1.13701 -5.86228
1175 1 2.196 8.09296 7.49367 2.01153 0.358583 -1.14253 0.677332
1176 2 -1.098 7.22562 6.73038 0.535406 3.75508 -8.67004 -5.3998
1177 2 -1.098 4.33668 4.15616 0.621705 -2.07893 0.626347 -1.0507
1178 2 -1.098 6.56528 8.80374 1.94151 -10.3434 -3.06704 -7.77358
1179 2 -1.098 9.5583 6.30012 2.21529 5.47644 -1.71935 -5.9041
1180 1 2.196 5.77245 5.61558 3.5773 -0.456623 -0.907664 0.890725
1181 1 2.196 8.46689 7.9117 4.93588 0.263638 -3.55589 2.3953
1182 2 -1.098 7.36558 6.88873 3.62438 2.73637 -2.35656 7.37839
1183 2 -1.098 4.32422 4.28614 3.61789 1.90372 -5.71311 -5.11452
1184 2 -1.098 7.11306 9.30077 4.97198 -1.23374 4.57955 -0.461116
1185 2 -1.098 9.86168 6.52864 4.9994 7.35981 -0.835186 3.31485
1186 1 2.196 5.957 5.65146 6.47816 1.124 1.1844 -0.577908
1187 1 2.196 8.28138 7.98174 7.92212 -0.293166 1.44861 1.55154
1188 2 -1.098 7.42601 6.92498 6.51443 -4.3579 1.9294 1.34758
1189 2 -1.098 4.41084 4.2659 6.47779 -4.27833 10.16 -4.85041
1190 2 -1.098 7.11718 9.48558 7.78776 -1.17376 -4.66471 -6.7477
1191 2 -1.098 9.47319 6.57547 8.17631 -5.89606 -1.8141 -2.39316
1192 1 2.196 5.89119 5.7743 9.34568 -2.82318 -0.534394 0.278207
1193 2 -1.098 7.11887 7.12195 9.1113 -1.8884 -5.87064 -3.23343
1194 2 -1.098 4.39122 4.35118 9.64863 -1.77487 -0.329972 5.07837
1195 1 2.196 5.61749 4.89643 12.1764 -0.898376 3.07814 1.05318
1196 2 -1.098 4.03357 3.98847 12.4126 0.483331 -2.33152 3.18919
1197 2 -1.098 7.03572 6.70241 -10.9385 -0.472717 -6.63742 5.48821
1198 1 2.196 5.71023 9.95497 -8.22144 -2.64785 3.10648 -4.07982
1199 2 -1.098 4.34035 8.65116 -8.13687 -4.24293 1.65113 -0.849653
1200 1 2.196 5.74175 10.0553 -5.19007 -2.05579 0.627305 -3.47188
1201 2 -1.098 6.76542 9.42896 -6.70331 0.367809 8.23756 -2.93729
1202 2 -1.098 4.41532 8.72995 -5.16185 3.91774 3.0175 -1.00463
1203 1 2.196 5.83274 9.98125 -2.28133 -4.55667 -1.02077 -2.25838
1204 1 2.196 7.85009 12.3982 -0.646062 -2.40808 -2.04377 3.59457
1205 2 -1.098 7.29703 11.1489 -2.13842 3.59393 5.02586 1.16133
1206 2 -1.098 4.42885 8.63931 -2.25942 -0.638966 -2.79646 1.63401
1207 2 -1.098 9.31974 12.556 -1.86641 -1.80913 0.378662 -0.00651382
1208 1 2.196 5.73531 10.0495 0.629504 -0.643407 -3.42775 -1.97396
1209 2 -1.098 6.61762 11.6703 0.467708 3.25637 -0.779887 -1.13388
1210 2 -1.098 4.33994 8.61221 0.742962 -2.49909 7.4326 3.38342
1211 2 -1.098 8.96111 11.019 0.064167 -0.468916 1.00235 4.72642
1212 1 2.196 6.10201 9.87153 3.47983 -3.03658 -3.56843 0.779662
1213 2 -1.098 7.71487 10.7857 2.83423 -4.1173 -2.88517 3.06298
1214 2 -1.098 4.47327 8.62147 3.61937 -4.26306 -3.81128 -4.14047
1215 1 2.196 5.95939 9.97706 6.46199 -0.910677 -0.892515 -0.635983
1216 2 -1.098 4.48431 8.74942 6.50554 9.32862 -2.40611 5.2357
1217 2 -1.098 4.35358 8.41338 9.53281 -2.88949 4.45659 -2.38808
1218 2 -1.098 4.59107 13.1062 -2.07569 -1.52189 -2.91443 0.556771
1219 2 -1.098 4.06242 13.0842 0.972429 4.47379 -6.65343 8.79883
1220 2 -1.098 4.36455 13.1325 4.14774 5.87208 5.07089 -2.53833
1221 2 -1.098 11.4154 -7.16539 -2.23813 2.07444 -3.29153 1.73768
1222 2 -1.098 11.3809 -6.83429 0.714725 6.86614 5.84283 2.34179
1223 2 -1.098 10.709 -8.84033 2.36994 -3.07341 -4.79806 4.95553
1224 2 -1.098 8.70706 -4.70785 -7.98721 0.28161 -4.87135 2.96296
1225 1 2.196 11.4184 -6.0949 -3.84136 -0.789968 -0.197955 0.474635
1226 1 2.196 13.9079 -4.4307 -3.63528 3.80142 2.53676 -1.09796
1227 2 -1.098 12.9702 -5.76986 -4.66721 3.21363 1.43311 -0.000716976
1228 2 -1.098 9.65084 -8.85134 -4.18833 -0.365175 -0.490218 -1.95888
1229 2 -1.098 10.6859 -4.44304 -3.92635 -0.814052 -3.57141 0.341341
1230 1 2.196 12.0595 -6.08608 -0.806137 -1.77379 -4.57714 -2.37013
1231 1 2.196 14.2587 -4.52812 -0.627005 4.05022 0.378395 4.84798
1232 2 -1.098 12.6038 -4.99483 -2.34283 -8.12616 -2.55177 -3.79557
1233 2 -1.098 9.46567 -9.65184 -1.39719 -7.40347 -5.32046 -4.41744
1234 2 -1.098 10.8598 -4.61007 -0.677425 -2.29237 -3.55401 -2.66265
1235 1 2.196 9.82273 -7.96117 1.05496 3.02546 2.291 1.32721
1236 1 2.196 12.1942 -5.7684 2.23611 0.363792 -0.620963 -3.28062
1237 2 -1.098 10.8341 -6.60091 3.35077 -0.484406 3.71665 1.87973
1238 2 -1.098 8.57193 -9.40779 0.903119 0.292476 -0.454585 4.37969
1239 2 -1.098 10.9425 -4.31685 2.27229 -2.17908 -5.12532 -11.0665
1240 1 2.196 9.78678 -8.10603 3.89995 -0.781835 1.87102 -3.54432
1241 1 2.196 11.6662 -6.33946 5.15031 -0.0663852 2.16935 -0.811041
1242 2 -1.098 11.0257 -8.06309 5.31453 0.165062 2.26594 2.26879
1243 2 -1.098 8.51226 -9.5955 3.88336 -4.72505 5.01012 -2.07676
1244 2 -1.098 10.7576 -4.75273 5.18016 -0.473411 -0.205023 -0.739422
1245 1 2.196 7.97875 -8.93172 6.1386 -2.87451 3.33119 -0.593116
1246 2 -1.098 7.53909 -10.7918 6.06044 -5.07402 -6.7208 -1.73476
1247 2 -1.098 10.5203 -4.41574 8.37391 -0.903043 -0.817739 -1.06033
1248 2 -1.098 11.345 -0.464911 -8.64909 -0.00152554 2.79886 -6.06263
1249 1 2.196 9.46531 -3.16479 -8.77514 0.541164 -1.35551 -1.21995
1250 1 2.196 11.8578 -1.35734 -6.99518 -0.919475 2.21744 -1.80674
1251 2 -1.098 11.1284 -2.81085 -7.9618 -5.52098 -4.08464 6.27899
1252 2 -1.098 9.16456 -4.53272 -10.3188 5.99247 -1.16483 5.02613
1253 2 -1.098 10.7367 0.0577411 -6.47134 0.208998 0.270877 0.351143
1254 1 2.196 9.78663 -3.21585 -5.25819 1.18053 0.0762954 -1.1762
1255 1 2.196 12.4055 -1.17714 -3.93194 0.996482 -2.06912 -2.36167
1256 2 -1.098 11.195 -2.17894 -5.41895 -2.25283 1.82923 4.25639
1257 2 -1.098 8.62564 -4.70565 -5.30203 -2.21237 1.66502 1.65622
1258 2 -1.098 10.8154 -0.108363 -3.7664 -3.19487 -5.67314 1.77304
1259 2 -1.098 13.4865 -2.72169 -4.15573 4.51475 2.47571 -3.06366
1260 1 2.196 10.0854 -3.55266 -2.23735 -3.46504 0.469787 -0.127732
1261 1 2.196 12.3168 -1.47234 -0.844527 -3.27144 5.10219 1.88966
1262 2 -1.098 11.4415 -2.26396 -2.39172 1.75274 -4.61419 -0.847975
1263 2 -1.098 8.67928 -4.71767 -2.12694 -0.481774 0.745863 0.788933
1264 2 -1.098 10.957 -0.0981079 -0.817655 6.4415 -4.62396 -7.62839
1265 2 -1.098 13.6006 -2.83664 -0.783574 0.895757 0.902774 -5.77933
1266 1 2.196 10.0095 -3.60211 0.691282 -0.368069 0.224963 -2.11562
1267 1 2.196 12.201 -1.40163 2.12753 -0.217618 -3.14322 3.24421
1268 2 -1.098 11.3453 -2.27519 0.651539 -0.547652 -1.77653 -6.79322
1269 2 -1.098 8.79631 -5.11661 0.894298 6.13539 9.94175 0.1007
1270 2 -1.098 11.1313 0.113875 2.1831 3.74828 1.63016 7.58871
1271 2 -1.098 13.074 -4.82651 0.854336 3.99126 1.44803 0.425024
1272 1 2.196 9.84124 -3.631 3.70747 2.07012 0.811002 2.9418
1273 1 2.196 12.1455 -1.38167 5.15029 -1.09701 -0.785125 1.69678
1274 2 -1.098 11.1118 -2.2494 3.6598 -2.94791 -3.29029 2.06896
1275 2 -1.098 8.54628 -4.96354 3.75012 2.12947 2.08411 -3.5516
1276 2 -1.098 11.1108 0.0586845 5.15918 5.17339 6.24587 -6.90102
1277 1 2.196 9.99528 -3.61531 6.77316 -0.0735595 0.803976 0.256353
1278 2 -1.098 11.3776 -2.42459 6.4719 -7.03041 -0.229369 -2.75798
1279 2 -1.098 8.69313 -4.99306 6.70174 -4.4312 2.11006 -0.321466
1280 2 -1.098 10.9116 0.50495 8.41087 3.2852 0.0361518 6.8859
1281 1 2.196 9.4363 -3.5575 9.70913 4.75636 -6.45913 -1.86439
1282 2 -1.098 8.30685 -5.06142 9.70614 1.09417 2.66201 8.19103
1283 2 -1.098 7.20044 0.0483905 -11.6976 -3.31512 4.59806 5.35985
1284 1 2.196 10.1502 0.931453 -8.14838 0.1417 1.60296 1.16744
1285 1 2.196 12.1791 3.17648 -6.49332 0.894192 -0.122338 -5.68438
1286 2 -1.098 11.4601 2.39036 -7.96426 -4.19478 0.337721 -5.12228
1287 2 -1.098 8.61451 -0.155544 -8.04009 -4.82269 -2.89564 5.39428
1288 2 -1.098 11.0997 4.76023 -6.74945 -0.264969 3.7109 5.09997
1289 1 2.196 10.0455 1.03363 -5.08279 -0.317493 -1.01706 1.2011
1290 1 2.196 12.421 3.48252 -3.59193 0.829956 -3.52569 -0.806109
1291 2 -1.098 11.3835 2.35333 -5.02284 1.82528 3.80625 6.32245
1292 2 -1.098 8.6 -0.233867 -5.14255 0.393612 1.17796 -1.35501
1293 2 -1.098 11.0144 4.72394 -3.69059 4.09008 -3.9144 4.99238
1294 2 -1.098 13.2087 4.04338 -5.28515 -6.3038 -1.94546 1.25273
1295 1 2.196 10.2135 1.00184 -2.22726 0.488774 -0.91285 -3.12005
1296 1 2.196 12.824 3.54366 -0.551137 2.06443 -1.02468 -0.545874
1297 2 -1.098 11.5515 2.354 -2.44837 -5.81248 -1.49646 -9.14807
1298 2 -1.098 8.66776 -0.252479 -2.11032 11.9101 -2.86378 -1.54529
1299 2 -1.098 11.0954 4.46347 -0.744297 2.54518 -1.008 5.41846
1300 2 -1.098 14.2058 2.28957 -0.697078 -5.63121 -3.12256 0.446827
1301 1 2.196 10.2992 0.927892 0.68633 1.76806 1.88949 0.383206
1302 1 2.196 13.0802 3.3551 2.98661 -1.91595 1.92614 -1.60833
1303 2 -1.098 12.016 1.89962 0.351935 -1.24672 -0.295379 -2.65911
1304 2 -1.098 8.69041 -0.317218 0.67441 1.14141 1.15564 -6.7827
1305 2 -1.098 11.0594 4.22823 2.0346 -0.379683 -1.7704 1.17972
1306 2 -1.098 13.7056 1.61002 2.46934 2.0061 -3.86758 -4.46138
1307 1 2.196 10.2989 1.13218 3.62976 1.35634 -0.0437954 -2.13497
1308 1 2.196 12.306 3.73266 5.56602 0.646269 -0.405355 0.481741
1309 2 -1.098 11.6791 2.43246 3.96835 -0.182553 2.86303 1.73907
1310 2 -1.098 8.84125 -0.311365 3.60278 -4.62759 -1.78151 0.350223
1311 2 -1.098 10.3984 4.21028 5.31429 -3.8646 2.09683 -2.32724
1312 1 2.196 10.3403 1.01705 6.59648 0.600854 0.510369 -1.56193
1313 2 -1.098 11.623 2.36129 6.70855 4.57503 -3.57947 -3.62393
1314 2 -1.098 8.95185 -0.407103 6.53784 -1.92589 6.53425 1.1254
1315 2 -1.098 11.9484 5.1325 6.80107 2.40843 -1.47074 0.791005
1316 1 2.196 9.75128 1.45887 9.512 0.752478 0.904923 2.81491
1317 2 -1.098 8.56296 -0.0602792 9.6009 -5.68607 4.52183 0.241178
1318 2 -1.098 9.28025 6.38963 -9.53652 -4.18679 2.68148 7.83313
1319 1 2.196 9.978 5.52937 -8.04738 -0.760571 -2.65764 2.95876
1320 2 -1.098 8.84368 3.99317 -8.17396 -3.76138 4.94357 -3.33666
1321 1 2.196 10.1011 5.51723 -5.04591 -1.0952 -0.871868 -0.0774884
1322 2 -1.098 9.5089 6.57177 -6.60817 -2.9712 7.53867 1.29967
1323 2 -1.098 8.77247 4.22228 -5.29703 1.43948 0.68565 2.2721
1324 1 2.196 10.3941 5.66881 -2.18817 4.31302 3.3797 0.724686
1325 1 2.196 11.4475 8.54415 -0.191212 -0.317494 -1.79627 -1.92564
1326 2 -1.098 11.4548 7.25735 -1.76642 -3.90067 0.557945 7.21334
1327 2 -1.098 8.87249 4.28214 -2.27959 -3.65619 -0.739609 -1.87624
1328 2 -1.098 11.2357 9.98304 -1.32102 -2.72874 -0.624521 4.10082
1329 1 2.196 10.3065 5.40215 0.688206 -3.21433 0.180831 -2.23903
1330 2 -1.098 11.366 6.9712 0.760326 7.80009 7.48295 -2.51198
1331 2 -1.098 8.7782 4.21243 0.730272 -0.760207 -0.442702 -1.44782
1332 2 -1.098 11.0712 9.77992 1.25178 4.47938 -1.89242 0.516942
1333 1 2.196 10.4499 5.24637 3.60222 0.804584 -1.33966 2.14579
1334 2 -1.098 12.3306 4.94532 3.92452 2.31834 -2.754 7.35827
1335 2 -1.098 8.84216 4.26055 3.46301 -0.765399 4.22118 -0.53109
1336 1 2.196 10.1622 5.60429 6.66866 2.09895 0.0153958 -2.14503
1337 2 -1.098 8.57919 4.47505 6.73929 -4.35047 -2.71025 -11.3959
1338 2 -1.098 9.06744 3.39488 9.65188 2.55523 -6.38592 0.933965
1339 2 -1.098 8.88315 8.68683 -5.18905 -3.74388 1.89494 1.02977
1340 1 2.196 9.59265 10.6763 -1.83112 0.181796 -1.19346 2.75168
1341 2 -1.098 8.90252 8.88461 -2.13534 5.04964 2.07638 2.65513
1342 1 2.196 9.37328 10.1454 1.87095 4.37566 -0.532019 1.57303
1343 2 -1.098 8.85713 8.61565 0.622123 3.37945 -0.834333 -6.84682
1344 2 -1.098 9.1365 8.73392 3.17258 -2.48621 1.98132 -2.25002
1345 2 -1.098 9.28876 8.72976 6.52834 -6.49529 -3.30862 -1.5977
1346 2 -1.098 15.1179 -4.64088 -2.33295 -3.89571 -5.01746 -4.9316
1347 2 -1.098 13.8821 -6.47519 -0.639624 -6.04269 -2.24743 -6.56203
1348 2 -1.098 13.0685 -5.91896 3.96301 -3.73061 -0.117288 -6.35387
1349 2 -1.098 12.9964 -0.61284 -5.70737 2.60618 -1.86224 -3.66808
1350 2 -1.098 13.0458 -0.461542 -2.32712 2.10118 1.48661 -5.21749
1351 1 2.196 13.7703 1.15504 0.734443 0.418826 -2.27669 4.0314
1352 2 -1.098 13.1245 -0.530033 0.764402 1.13213 -1.68034 5.35961
1353 2 -1.098 13.2738 -1.32007 3.65661 -0.136879 0.326483 -2.90125
1354 2 -1.098 13.1385 4.33558 -2.2167 -3.17395 6.22803 -1.38992
1355 2 -1.098 13.5165 3.87344 1.14295 -1.33449 8.3869 -0.424726
1356 2 -1.098 13.9753 3.32508 4.7243 8.58766 3.5352 -3.98995